"","Stabr","area_name","Unemployed_2019","Employed_2019","Civilian_labor_force_2019","Unemployed_2018","Employed_2018","Civilian_labor_force_2018","Unemployed_2017","Employed_2017","Civilian_labor_force_2017","Unemployed_2016","Employed_2016","Civilian_labor_force_2016"
"1","AL","Autauga County, AL",714,25458,26172,935,25261,26196,1013,25062,26075,1322,"24,709","26,031"
"2","AL","Baldwin County, AL",2653,94675,97328,3424,91809,95233,3745,88711,92456,4835,"86,060","90,895"
"3","AL","Barbour County, AL",324,8213,8537,427,7987,8414,486,7863,8349,700,"7,736","8,436"
"4","AL","Bibb County, AL",266,8419,8685,337,8268,8605,375,8208,8583,556,"8,088","8,644"
"5","AL","Blount County, AL",676,24655,25331,868,24201,25069,998,23824,24822,1326,"23,358","24,684"
"6","AL","Bullock County, AL",175,4643,4818,220,4571,4791,238,4614,4852,330,"4,514","4,844"
"7","AL","Butler County, AL",338,8925,9263,420,8553,8973,494,8481,8975,636,"8,593","9,229"
"8","AL","Calhoun County, AL",1635,44574,46209,2116,44191,46307,2271,43679,45950,2997,"43,016","46,013"
"9","AL","Chambers County, AL",462,15286,15748,591,14775,15366,621,14639,15260,818,"14,225","15,043"
"10","AL","Cherokee County, AL",338,11266,11604,412,11276,11688,463,10922,11385,574,"10,808","11,382"
"11","AL","Chilton County, AL",538,19280,19818,700,18924,19624,786,18547,19333,1053,"18,213","19,266"
"12","AL","Choctaw County, AL",218,4452,4670,256,4493,4749,279,4145,4424,368,"3,976","4,344"
"13","AL","Clarke County, AL",436,7121,7557,563,7096,7659,658,7107,7765,864,"7,121","7,985"
"14","AL","Clay County, AL",183,5918,6101,226,5784,6010,252,5567,5819,334,"5,314","5,648"
"15","AL","Cleburne County, AL",183,5623,5806,243,5552,5795,258,5489,5747,346,"5,464","5,810"
"16","AL","Coffee County, AL",623,20779,21402,814,20193,21007,920,20049,20969,1210,"19,474","20,684"
"17","AL","Colbert County, AL",885,22761,23646,1063,22478,23541,1213,22130,23343,1630,"21,918","23,548"
"18","AL","Conecuh County, AL",180,4353,4533,231,4281,4512,275,4230,4505,383,"4,184","4,567"
"19","AL","Coosa County, AL",135,4414,4549,180,4246,4426,205,4191,4396,262,"4,137","4,399"
"20","AL","Covington County, AL",534,15119,15653,707,14945,15652,821,14958,15779,1047,"14,509","15,556"
"21","AL","Crenshaw County, AL",183,6293,6476,255,6114,6369,291,6138,6429,379,"6,101","6,480"
"22","AL","Cullman County, AL",998,37648,38646,1234,36879,38113,1420,36556,37976,1885,"36,179","38,064"
"23","AL","Dale County, AL",642,20082,20724,833,19424,20257,894,19120,20014,1155,"18,888","20,043"
"24","AL","Dallas County, AL",807,13904,14711,953,13927,14880,1128,13956,15084,1421,"14,059","15,480"
"25","AL","DeKalb County, AL",870,30182,31052,1136,29153,30289,1331,28357,29688,1773,"27,582","29,355"
"26","AL","Elmore County, AL",979,36586,37565,1277,36313,37590,1376,35990,37366,1771,"35,613","37,384"
"27","AL","Escambia County, AL",514,14248,14762,643,13780,14423,722,13779,14501,967,"13,646","14,613"
"28","AL","Etowah County, AL",1428,41295,42723,1750,41502,43252,1982,41251,43233,2559,"40,892","43,451"
"29","AL","Fayette County, AL",207,6372,6579,262,6267,6529,310,6269,6579,445,"6,178","6,623"
"30","AL","Franklin County, AL",405,14291,14696,523,13768,14291,599,13430,14029,816,"13,108","13,924"
"31","AL","Geneva County, AL",320,10725,11045,422,10450,10872,470,10356,10826,627,"10,226","10,853"
"32","AL","Greene County, AL",161,2722,2883,188,2672,2860,216,2645,2861,286,"2,598","2,884"
"33","AL","Hale County, AL",241,5878,6119,299,5680,5979,354,5614,5968,458,"5,548","6,006"
"34","AL","Henry County, AL",247,6697,6944,299,6531,6830,328,6411,6739,438,"6,311","6,749"
"35","AL","Houston County, AL",1390,44844,46234,1816,43764,45580,1959,42923,44882,2579,"42,156","44,735"
"36","AL","Jackson County, AL",772,22712,23484,944,22468,23412,1110,22088,23198,1488,"22,193","23,681"
"37","AL","Jefferson County, AL",9091,309664,318755,11545,304248,315793,13254,298227,311481,17848,"294,630","312,478"
"38","AL","Lamar County, AL",179,5670,5849,215,5528,5743,241,5523,5764,321,"5,392","5,713"
"39","AL","Lauderdale County, AL",1388,41160,42548,1746,40644,42390,1957,40261,42218,2705,"39,998","42,703"
"40","AL","Lawrence County, AL",447,13859,14306,575,13469,14044,675,13015,13690,947,"12,828","13,775"
"41","AL","Lee County, AL",2080,74500,76580,2702,72541,75243,2926,70836,73762,3786,"68,867","72,653"
"42","AL","Limestone County, AL",1154,42700,43854,1507,41472,42979,1675,40016,41691,2133,"38,720","40,853"
"43","AL","Lowndes County, AL",204,3383,3587,260,3354,3614,301,3371,3672,401,"3,414","3,815"
"44","AL","Macon County, AL",337,7513,7850,420,7442,7862,456,7460,7916,599,"7,301","7,900"
"45","AL","Madison County, AL",4714,180505,185219,6213,175352,181565,6851,169711,176562,8887,"165,388","174,275"
"46","AL","Marengo County, AL",271,7423,7694,371,7237,7608,433,7291,7724,548,"7,155","7,703"
"47","AL","Marion County, AL",446,12486,12932,507,12114,12621,603,11964,12567,827,"11,720","12,547"
"48","AL","Marshall County, AL",1086,42999,44085,1429,41496,42925,1624,40616,42240,2219,"39,535","41,754"
"49","AL","Mobile County, AL",7024,182083,189107,8711,180293,189004,9741,177819,187560,12448,"176,094","188,542"
"50","AL","Monroe County, AL",356,6973,7329,434,6753,7187,487,6756,7243,663,"6,681","7,344"
"51","AL","Montgomery County, AL",3260,102517,105777,4171,101782,105953,4600,101555,106155,5988,"100,202","106,190"
"52","AL","Morgan County, AL",1500,56771,58271,1966,55192,57158,2266,52986,55252,3036,"52,056","55,092"
"53","AL","Perry County, AL",178,3235,3413,219,3192,3411,268,3181,3449,358,"3,123","3,481"
"54","AL","Pickens County, AL",276,7647,7923,350,7395,7745,415,7333,7748,533,"7,265","7,798"
"55","AL","Pike County, AL",504,14924,15428,681,14579,15260,745,14606,15351,971,"14,038","15,009"
"56","AL","Randolph County, AL",292,9347,9639,379,9202,9581,417,9104,9521,526,"8,941","9,467"
"57","AL","Russell County, AL",698,23198,23896,952,23067,24019,1013,22468,23481,1305,"22,322","23,627"
"58","AL","St. Clair County, AL",1091,39441,40532,1378,38742,40120,1561,37780,39341,2024,"37,217","39,241"
"59","AL","Shelby County, AL",2525,113414,115939,3209,111425,114634,3598,108172,111770,4711,"105,324","110,035"
"60","AL","Sumter County, AL",219,4635,4854,277,4543,4820,327,4659,4986,393,"4,738","5,131"
"61","AL","Talladega County, AL",1213,34556,35769,1485,33847,35332,1740,33040,34780,2295,"32,660","34,955"
"62","AL","Tallapoosa County, AL",556,18096,18652,733,17226,17959,768,17505,18273,1036,"17,620","18,656"
"63","AL","Tuscaloosa County, AL",2842,102122,104964,3682,98826,102508,4168,96091,100259,5600,"94,059","99,659"
"64","AL","Walker County, AL",830,24517,25347,1050,24078,25128,1258,23738,24996,1902,"23,767","25,669"
"65","AL","Washington County, AL",313,6487,6800,384,6327,6711,454,6263,6717,581,"6,188","6,769"
"66","AL","Wilcox County, AL",195,2544,2739,258,2498,2756,321,2491,2812,406,"2,422","2,828"
"67","AL","Winston County, AL",336,9705,10041,405,9405,9810,489,9241,9730,676,"8,895","9,571"
"68","AK","Alaska",21349,326430,347779,22761,329901,352662,24850,334449,359299,24812,"336,979","361,791"
"69","AK","Aleutians East Borough, AK",68,2360,2428,70,2222,2292,63,2466,2529,69,"2,514","2,583"
"70","AK","Aleutians West Census Area, AK",129,3477,3606,125,3477,3602,137,3587,3724,132,"3,842","3,974"
"71","AK","Anchorage Borough/municipality, AK",7423,139526,146949,8068,141363,149431,8853,144255,153108,8554,"146,720","155,274"
"72","AK","Bethel Census Area, AK",905,6120,7025,902,6209,7111,983,6343,7326,1030,"6,207","7,237"
"73","AK","Bristol Bay Borough, AK",27,414,441,27,417,444,26,393,419,29,"384","413"
"74","AK","Denali Borough, AK",88,950,1038,82,975,1057,102,1042,1144,99,"994","1,093"
"75","AK","Dillingham Census Area, AK",157,1781,1938,160,1844,2004,182,1863,2045,200,"1,875","2,075"
"76","AK","Fairbanks North Star Borough, AK",2404,42248,44652,2575,42901,45476,2805,43429,46234,2727,"43,667","46,394"
"77","AK","Haines Borough, AK",99,1012,1111,105,992,1097,95,982,1077,110,"963","1,073"
"78","AK","Hoonah-Angoon Census Area, AK",132,1028,1160,142,1004,1146,138,998,1136,142,"1,060","1,202"
"79","AK","Juneau Borough/city, AK",756,16243,16999,740,16305,17045,791,16417,17208,776,"16,540","17,316"
"80","AK","Kenai Peninsula Borough, AK",1778,24383,26161,1988,24384,26372,2198,24551,26749,2309,"24,818","27,127"
"81","AK","Ketchikan Gateway Borough, AK",428,6456,6884,415,6556,6971,432,6634,7066,457,"6,558","7,015"
"82","AK","Kodiak Island Borough, AK",330,5582,5912,355,5744,6099,315,5977,6292,330,"6,079","6,409"
"83","AK","Kusilvak Census Area, AK",518,2164,2682,525,2160,2685,537,2209,2746,588,"2,133","2,721"
"84","AK","Lake and Peninsula Borough, AK",70,638,708,81,660,741,84,632,716,82,"573","655"
"85","AK","Matanuska-Susitna Borough, AK",3240,43661,46901,3544,44184,47728,3952,44174,48126,3896,"43,455","47,351"
"86","AK","Nome Census Area, AK",440,3596,4036,460,3622,4082,492,3597,4089,518,"3,561","4,079"
"87","AK","North Slope Borough, AK",224,3261,3485,230,3157,3387,264,3321,3585,267,"3,681","3,948"
"88","AK","Northwest Arctic Borough, AK",411,2523,2934,398,2518,2916,475,2476,2951,473,"2,487","2,960"
"89","AK","Petersburg Borough, AK",121,1267,1388,118,1261,1379,128,1283,1411,131,"1,318","1,449"
"90","AK","Prince of Wales-Hyder Census Area, AK",289,2562,2851,305,2567,2872,313,2527,2840,337,"2,428","2,765"
"91","AK","Prince of Wales-Outer Ketchikan Census Area, AK",NA,NA,NA,NA,NA,NA,NA,NA,NA,NA,"",""
"92","AK","Sitka Borough/city, AK",181,4155,4336,179,4152,4331,199,4227,4426,202,"4,164","4,366"
"93","AK","Skagway Municipality, AK",76,746,822,78,752,830,84,742,826,90,"715","805"
"94","AK","Skagway-Hoonah-Angoon Census Area, AK",NA,NA,NA,NA,NA,NA,NA,NA,NA,NA,"",""
"95","AK","Southeast Fairbanks Census Area, AK",252,2558,2810,278,2647,2925,298,2629,2927,322,"2,671","2,993"
"96","AK","Valdez-Cordova Census Area, AK",363,4452,4815,350,4478,4828,372,4484,4856,413,"4,391","4,804"
"97","AK","Wrangell Borough/city, AK",77,925,1002,71,962,1033,79,966,1045,79,"974","1,053"
"98","AK","Wrangell-Petersburg Census Area, AK",NA,NA,NA,NA,NA,NA,NA,NA,NA,NA,"",""
"99","AK","Yakutat Borough/city, AK",19,227,246,20,226,246,21,211,232,20,"223","243"
"100","AK","Yukon-Koyukuk Census Area, AK",345,2113,2458,371,2165,2536,432,2034,2466,432,"1,987","2,419"
"101","AZ","Arizona",166756,3384504,3551260,162065,3260518,3422583,161316,3160248,3321564,173277,"3,063,017","3,236,294"
"102","AZ","Apache County, AZ",2019,18468,20487,2006,18485,20491,2087,18274,20361,2318,"17,966","20,284"
"103","AZ","Cochise County, AZ",2899,47695,50594,2731,46751,49482,2735,46592,49327,3076,"46,452","49,528"
"104","AZ","Coconino County, AZ",4301,73206,77507,4132,72001,76133,4150,71251,75401,4442,"69,639","74,081"
"105","AZ","Gila County, AZ",1192,20485,21677,1224,20133,21357,1281,20025,21306,1510,"19,455","20,965"
"106","AZ","Graham County, AZ",743,14608,15351,742,14071,14813,777,13581,14358,963,"13,389","14,352"
"107","AZ","Greenlee County, AZ",178,4342,4520,174,4089,4263,199,3784,3983,294,"3,600","3,894"
"108","AZ","La Paz County, AZ",545,8789,9334,545,8351,8896,465,8216,8681,510,"7,949","8,459"
"109","AZ","Maricopa County, AZ",92847,2217656,2310503,90142,2127021,2217163,89274,2052091,2141365,94806,"1,983,062","2,077,868"
"110","AZ","Mohave County, AZ",4977,82815,87792,4765,80173,84938,4808,77541,82349,5301,"75,095","80,396"
"111","AZ","Navajo County, AZ",3006,37973,40979,3051,37173,40224,3093,37591,40684,3396,"37,871","41,267"
"112","AZ","Pima County, AZ",22075,476620,498695,21152,463057,484209,21305,454630,475935,23177,"445,827","469,004"
"113","AZ","Pinal County, AZ",9171,178309,187480,8850,170951,179801,8591,162883,171474,9045,"154,681","163,726"
"114","AZ","Santa Cruz County, AZ",1673,17963,19636,1747,17505,19252,1796,17255,19051,1917,"17,244","19,161"
"115","AZ","Yavapai County, AZ",4742,102138,106880,4575,100023,104598,4582,97269,101851,4881,"94,517","99,398"
"116","AZ","Yuma County, AZ",16387,83437,99824,16225,80735,96960,16171,79266,95437,17641,"76,271","93,912"
"117","AR","Arkansas",48352,1314290,1362642,49310,1303995,1353305,49800,1297215,1347015,53106,"1,286,419","1,339,525"
"118","AR","Arkansas County, AR",286,9141,9427,300,8779,9079,291,8669,8960,315,"8,940","9,255"
"119","AR","Ashley County, AR",418,7333,7751,411,7425,7836,437,7420,7857,486,"7,454","7,940"
"120","AR","Baxter County, AR",650,15646,16296,669,15729,16398,695,15655,16350,690,"15,387","16,077"
"121","AR","Benton County, AR",3601,133610,137211,3872,130888,134760,3908,128439,132347,3713,"124,007","127,720"
"122","AR","Boone County, AR",511,15525,16036,551,15361,15912,540,15242,15782,583,"15,321","15,904"
"123","AR","Bradley County, AR",185,4298,4483,193,4293,4486,204,4250,4454,225,"4,252","4,477"
"124","AR","Calhoun County, AR",108,2345,2453,93,2352,2445,93,2315,2408,110,"2,279","2,389"
"125","AR","Carroll County, AR",400,12383,12783,402,12217,12619,431,12548,12979,457,"12,393","12,850"
"126","AR","Chicot County, AR",228,3057,3285,225,3134,3359,225,3237,3462,235,"3,342","3,577"
"127","AR","Clark County, AR",368,9323,9691,354,9346,9700,372,9194,9566,413,"9,144","9,557"
"128","AR","Clay County, AR",278,5413,5691,250,5556,5806,265,5611,5876,340,"5,688","6,028"
"129","AR","Cleburne County, AR",418,8808,9226,408,8721,9129,455,8821,9276,562,"8,907","9,469"
"130","AR","Cleveland County, AR",127,3092,3219,124,3144,3268,144,3180,3324,150,"3,188","3,338"
"131","AR","Columbia County, AR",410,8730,9140,422,8603,9025,457,8612,9069,528,"8,753","9,281"
"132","AR","Conway County, AR",359,7926,8285,353,7821,8174,392,7830,8222,481,"7,958","8,439"
"133","AR","Craighead County, AR",1555,54097,55652,1643,52919,54562,1605,51936,53541,1691,"50,456","52,147"
"134","AR","Crawford County, AR",894,26028,26922,950,26054,27004,946,25958,26904,1047,"25,860","26,907"
"135","AR","Crittenden County, AR",910,20512,21422,910,20294,21204,930,20427,21357,973,"20,600","21,573"
"136","AR","Cross County, AR",314,7097,7411,303,7150,7453,306,7342,7648,348,"7,523","7,871"
"137","AR","Dallas County, AR",134,2706,2840,120,2730,2850,128,2788,2916,144,"2,833","2,977"
"138","AR","Desha County, AR",241,5161,5402,241,5186,5427,261,5181,5442,296,"5,141","5,437"
"139","AR","Drew County, AR",408,7456,7864,379,7468,7847,403,7550,7953,452,"7,525","7,977"
"140","AR","Faulkner County, AR",1875,60556,62431,1992,60058,62050,2039,59256,61295,2292,"58,164","60,456"
"141","AR","Franklin County, AR",252,7242,7494,260,7125,7385,260,7135,7395,296,"7,057","7,353"
"142","AR","Fulton County, AR",199,4763,4962,191,4632,4823,198,4515,4713,202,"4,458","4,660"
"143","AR","Garland County, AR",1537,39809,41346,1627,39199,40826,1625,38671,40296,1720,"38,301","40,021"
"144","AR","Grant County, AR",267,8136,8403,256,8079,8335,268,8049,8317,297,"7,964","8,261"
"145","AR","Greene County, AR",699,19366,20065,684,19165,19849,724,18977,19701,847,"18,927","19,774"
"146","AR","Hempstead County, AR",380,9571,9951,344,9607,9951,340,9546,9886,375,"9,613","9,988"
"147","AR","Hot Spring County, AR",510,13509,14019,520,13447,13967,521,13585,14106,553,"13,539","14,092"
"148","AR","Howard County, AR",186,5525,5711,201,5706,5907,180,5802,5982,195,"5,775","5,970"
"149","AR","Independence County, AR",659,15868,16527,653,15648,16301,683,15443,16126,791,"15,195","15,986"
"150","AR","Izard County, AR",269,4643,4912,264,4610,4874,269,4606,4875,278,"4,681","4,959"
"151","AR","Jackson County, AR",380,5460,5840,347,5437,5784,344,5530,5874,377,"5,671","6,048"
"152","AR","Jefferson County, AR",1520,26220,27740,1450,26595,28045,1448,26522,27970,1583,"26,695","28,278"
"153","AR","Johnson County, AR",469,9809,10278,469,9932,10401,451,10115,10566,498,"10,018","10,516"
"154","AR","Lafayette County, AR",115,2351,2466,127,2365,2492,128,2409,2537,150,"2,428","2,578"
"155","AR","Lawrence County, AR",284,6533,6817,264,6562,6826,257,6593,6850,299,"6,607","6,906"
"156","AR","Lee County, AR",127,2706,2833,138,2765,2903,142,2823,2965,145,"2,942","3,087"
"157","AR","Lincoln County, AR",173,3777,3950,170,3843,4013,168,3880,4048,197,"3,891","4,088"
"158","AR","Little River County, AR",238,5280,5518,283,5182,5465,265,5228,5493,261,"5,323","5,584"
"159","AR","Logan County, AR",373,8210,8583,347,8397,8744,340,8548,8888,418,"8,696","9,114"
"160","AR","Lonoke County, AR",1109,33359,34468,1075,33131,34206,1104,32711,33815,1109,"32,226","33,335"
"161","AR","Madison County, AR",189,7238,7427,211,7140,7351,210,7153,7363,233,"7,041","7,274"
"162","AR","Marion County, AR",267,6406,6673,266,6231,6497,255,6218,6473,260,"6,251","6,511"
"163","AR","Miller County, AR",809,18941,19750,933,18602,19535,856,18884,19740,830,"19,007","19,837"
"164","AR","Mississippi County, AR",891,16467,17358,972,16386,17358,1054,16710,17764,1222,"16,817","18,039"
"165","AR","Monroe County, AR",119,2642,2761,114,2629,2743,119,2677,2796,138,"2,738","2,876"
"166","AR","Montgomery County, AR",138,2832,2970,143,2912,3055,147,2941,3088,160,"2,963","3,123"
"167","AR","Nevada County, AR",145,3517,3662,125,3524,3649,127,3473,3600,134,"3,504","3,638"
"168","AR","Newton County, AR",117,3218,3335,110,3195,3305,120,3199,3319,133,"3,274","3,407"
"169","AR","Ouachita County, AR",508,9330,9838,444,9323,9767,444,9270,9714,495,"9,369","9,864"
"170","AR","Perry County, AR",175,4100,4275,173,4075,4248,175,4066,4241,199,"3,962","4,161"
"171","AR","Phillips County, AR",383,5996,6379,395,6185,6580,377,6148,6525,391,"6,254","6,645"
"172","AR","Pike County, AR",164,4086,4250,173,4129,4302,172,4118,4290,179,"4,035","4,214"
"173","AR","Poinsett County, AR",350,9929,10279,385,9756,10141,425,9822,10247,430,"9,645","10,075"
"174","AR","Polk County, AR",339,7782,8121,329,7745,8074,359,7661,8020,398,"7,770","8,168"
"175","AR","Pope County, AR",1251,27618,28869,1275,27739,29014,1290,27775,29065,1341,"27,893","29,234"
"176","AR","Prairie County, AR",156,3430,3586,136,3424,3560,151,3542,3693,139,"3,505","3,644"
"177","AR","Pulaski County, AR",6472,183776,190248,6477,182165,188642,6409,181884,188293,6619,"180,191","186,810"
"178","AR","Randolph County, AR",284,7017,7301,283,6886,7169,287,6629,6916,300,"6,213","6,513"
"179","AR","St. Francis County, AR",425,7772,8197,418,7876,8294,420,7933,8353,458,"8,368","8,826"
"180","AR","Saline County, AR",1664,57450,59114,1784,56950,58734,1731,55701,57432,1770,"54,998","56,768"
"181","AR","Scott County, AR",147,4167,4314,158,4235,4393,153,4277,4430,164,"4,292","4,456"
"182","AR","Searcy County, AR",133,2781,2914,126,2802,2928,136,2797,2933,136,"2,848","2,984"
"183","AR","Sebastian County, AR",1864,54834,56698,2006,54852,56858,2060,55104,57164,2139,"55,370","57,509"
"184","AR","Sevier County, AR",265,5248,5513,254,5347,5601,255,5404,5659,275,"5,410","5,685"
"185","AR","Sharp County, AR",285,5457,5742,274,5514,5788,298,5656,5954,328,"5,713","6,041"
"186","AR","Stone County, AR",223,4503,4726,214,4579,4793,228,4560,4788,243,"4,490","4,733"
"187","AR","Union County, AR",829,15018,15847,870,15113,15983,847,15232,16079,891,"15,455","16,346"
"188","AR","Van Buren County, AR",286,5455,5741,308,5583,5891,329,5705,6034,418,"5,674","6,092"
"189","AR","Washington County, AR",3053,121914,124967,3186,119442,122628,3119,117465,120584,3251,"114,945","118,196"
"190","AR","White County, AR",1519,32281,33800,1454,32189,33643,1525,32074,33599,1767,"32,217","33,984"
"191","AR","Woodruff County, AR",146,2627,2773,131,2673,2804,141,2781,2922,162,"2,802","2,964"
"192","AR","Yell County, AR",336,8081,8417,352,8142,8494,344,8207,8551,387,"8,285","8,672"
"193","CA","California",784194,18627378,19411572,820096,18460725,19280821,919268,18257103,19176371,1041096,"17,980,080","19,021,176"
"194","CA","Alameda County, CA",24671,819675,844346,25816,816611,842427,30833,808382,839215,35681,"796,037","831,718"
"195","CA","Alpine County, CA",28,523,551,25,522,547,33,515,548,35,"518","553"
"196","CA","Amador County, CA",572,14328,14900,602,14084,14686,730,13980,14710,864,"13,658","14,522"
"197","CA","Butte County, CA",5080,94162,99242,5183,96749,101932,5905,96209,102114,6718,"94,909","101,627"
"198","CA","Calaveras County, CA",812,20616,21428,859,20329,21188,994,20046,21040,1179,"19,615","20,794"
"199","CA","Colusa County, CA",1407,9586,10993,1440,9421,10861,1538,9282,10820,1696,"9,205","10,901"
"200","CA","Contra Costa County, CA",17261,544496,561757,18101,542812,560913,21435,537156,558591,24745,"528,400","553,145"
"201","CA","Del Norte County, CA",555,9119,9674,559,9163,9722,624,9083,9707,734,"9,019","9,753"
"202","CA","El Dorado County, CA",3237,88785,92022,3327,87804,91131,3922,85902,89824,4562,"84,248","88,810"
"203","CA","Fresno County, CA",32668,418092,450760,33949,412795,446744,37950,406912,444862,42234,"402,365","444,599"
"204","CA","Glenn County, CA",796,12201,12997,844,11938,12782,957,11859,12816,1078,"11,867","12,945"
"205","CA","Humboldt County, CA",2253,60254,62507,2276,60329,62605,2622,59937,62559,3076,"59,337","62,413"
"206","CA","Imperial County, CA",13080,58331,71411,13432,57811,71243,14083,57977,72060,18144,"56,997","75,141"
"207","CA","Inyo County, CA",310,8450,8760,341,8371,8712,376,8239,8615,468,"8,389","8,857"
"208","CA","Kern County, CA",30216,360783,390999,31344,354890,386234,35352,349050,384402,40284,"347,694","387,978"
"209","CA","Kings County, CA",4566,53222,57788,4550,53018,57568,5099,52216,57315,5695,"51,446","57,141"
"210","CA","Lake County, CA",1471,27687,29158,1547,27558,29105,1694,27642,29336,1953,"27,108","29,061"
"211","CA","Lassen County, CA",453,9416,9869,478,9388,9866,553,9484,10037,718,"9,642","10,360"
"212","CA","Los Angeles County, CA",227288,4894296,5121584,235195,4860309,5095504,242150,4841864,5084014,264609,"4,765,899","5,030,508"
"213","CA","Madera County, CA",4294,57651,61945,4376,56955,61331,4945,56021,60966,5639,"55,393","61,032"
"214","CA","Marin County, CA",3193,136786,139979,3425,136433,139858,4023,135799,139822,4579,"135,040","139,619"
"215","CA","Mariposa County, CA",350,7262,7612,411,7248,7659,447,7215,7662,519,"7,048","7,567"
"216","CA","Mendocino County, CA",1546,37388,38934,1587,37913,39500,1788,37796,39584,2088,"37,521","39,609"
"217","CA","Merced County, CA",9360,106866,116226,9742,105638,115380,10809,104497,115306,12084,"102,212","114,296"
"218","CA","Modoc County, CA",224,2947,3171,240,2919,3159,259,2937,3196,257,"3,034","3,291"
"219","CA","Mono County, CA",313,8195,8508,343,8092,8435,377,8119,8496,448,"7,915","8,363"
"220","CA","Monterey County, CA",13799,208717,222516,14239,207917,222156,15748,203958,219706,16755,"201,975","218,730"
"221","CA","Napa County, CA",2104,71900,74004,2197,71664,73861,2671,70661,73332,3130,"69,799","72,929"
"222","CA","Nevada County, CA",1617,47022,48639,1714,46904,48618,1987,46362,48349,2302,"45,838","48,140"
"223","CA","Orange County, CA",45087,1578334,1623421,48126,1569753,1617879,56330,1551463,1607793,64538,"1,532,720","1,597,258"
"224","CA","Placer County, CA",5839,182093,187932,5972,179858,185830,7006,174454,181460,8055,"171,549","179,604"
"225","CA","Plumas County, CA",607,7296,7903,595,7228,7823,689,7081,7770,763,"7,085","7,848"
"226","CA","Riverside County, CA",46151,1057884,1104035,48702,1042673,1091375,56311,1015843,1072154,64247,"987,183","1,051,430"
"227","CA","Sacramento County, CA",26096,686298,712394,27423,677544,704967,32541,664782,697323,37510,"656,358","693,868"
"228","CA","San Benito County, CA",1587,29845,31432,1592,29644,31236,1765,28857,30622,2029,"28,397","30,426"
"229","CA","San Bernardino County, CA",37010,930709,967719,39378,916705,956083,46457,896687,943144,53704,"876,384","930,088"
"230","CA","San Diego County, CA",50643,1539948,1590591,53461,1528064,1581525,63227,1509574,1572801,73857,"1,489,140","1,562,997"
"231","CA","San Francisco County/city, CA",12774,570412,583186,13714,555609,569323,16507,547308,563815,18292,"536,972","555,264"
"232","CA","San Joaquin County, CA",19223,307854,327077,19911,304620,324531,22606,300683,323289,25866,"292,367","318,233"
"233","CA","San Luis Obispo County, CA",4017,136914,140931,4237,136020,140257,5049,135385,140434,6028,"133,437","139,465"
"234","CA","San Mateo County, CA",9397,450647,460044,10157,439322,449479,12107,433416,445523,13472,"428,282","441,754"
"235","CA","Santa Barbara County, CA",8039,209843,217882,8570,206909,215479,9743,205471,215214,10892,"204,328","215,220"
"236","CA","Santa Clara County, CA",26196,1027527,1053723,27712,1015929,1043641,33421,1005277,1038698,38759,"989,046","1,027,805"
"237","CA","Santa Cruz County, CA",6747,135530,142277,7080,134349,141429,8125,134637,142762,9996,"133,730","143,726"
"238","CA","Shasta County, CA",3475,70878,74353,3724,70254,73978,4291,69705,73996,5171,"69,019","74,190"
"239","CA","Sierra County, CA",71,1255,1326,78,1201,1279,84,1206,1290,101,"1,232","1,333"
"240","CA","Siskiyou County, CA",1118,16109,17227,1178,16205,17383,1292,16511,17803,1520,"16,370","17,890"
"241","CA","Solano County, CA",7855,201672,209527,8283,200997,209280,9925,198274,208199,11401,"195,834","207,235"
"242","CA","Sonoma County, CA",6966,252428,259394,7267,253626,260893,8783,251331,260114,10307,"248,876","259,183"
"243","CA","Stanislaus County, CA",14701,228753,243454,15832,227524,243356,18121,224091,242212,20899,"221,770","242,669"
"244","CA","Sutter County, CA",3345,42440,45785,3441,41449,44890,3911,41094,45005,4355,"40,613","44,968"
"245","CA","Tehama County, CA",1422,24228,25650,1471,24046,25517,1625,23914,25539,1785,"23,281","25,066"
"246","CA","Trinity County, CA",257,4436,4693,270,4410,4680,298,4511,4809,353,"4,638","4,991"
"247","CA","Tulare County, CA",19627,184353,203980,19964,183303,203267,21367,183249,204616,22717,"180,502","203,219"
"248","CA","Tuolumne County, CA",951,20366,21317,995,20217,21212,1153,20240,21393,1342,"20,221","21,563"
"249","CA","Ventura County, CA",15221,408169,423390,16279,407278,423557,19052,405104,424156,22197,"403,083","425,280"
"250","CA","Yolo County, CA",4438,104220,108658,4647,103019,107666,5440,101244,106684,6246,"99,812","106,058"
"251","CA","Yuba County, CA",1815,28182,29997,1894,27381,29275,2135,26612,28747,2422,"25,722","28,144"
"252","CO","Colorado",86668,3062098,3148766,97163,2983498,3080661,83773,2902749,2986522,94711,"2,796,966","2,891,677"
"253","CO","Adams County, CO",8065,267375,275440,8989,260239,269228,7879,252646,260525,9066,"244,332","253,398"
"254","CO","Alamosa County, CO",313,8413,8726,334,8232,8566,277,7855,8132,322,"7,640","7,962"
"255","CO","Arapahoe County, CO",9930,358574,368504,11139,349003,360142,9641,340529,350170,10543,"329,761","340,304"
"256","CO","Archuleta County, CO",220,6717,6937,229,6640,6869,199,6412,6611,209,"6,151","6,360"
"257","CO","Baca County, CO",37,2138,2175,39,2133,2172,34,2085,2119,36,"2,055","2,091"
"258","CO","Bent County, CO",56,1863,1919,60,1847,1907,53,1870,1923,57,"1,793","1,850"
"259","CO","Boulder County, CO",4640,192351,196991,5283,187527,192810,4456,181964,186420,4823,"175,874","180,697"
"260","CO","Broomfield County/city, CO",992,39528,40520,1116,38465,39581,996,37505,38501,1063,"35,684","36,747"
"261","CO","Chaffee County, CO",235,9636,9871,251,9369,9620,216,9079,9295,234,"8,600","8,834"
"262","CO","Cheyenne County, CO",19,1154,1173,20,1120,1140,20,1112,1132,24,"1,056","1,080"
"263","CO","Clear Creek County, CO",150,5960,6110,175,5802,5977,151,5712,5863,181,"5,500","5,681"
"264","CO","Conejos County, CO",152,4013,4165,168,3930,4098,162,3759,3921,183,"3,585","3,768"
"265","CO","Costilla County, CO",74,1814,1888,79,1762,1841,64,1757,1821,83,"1,644","1,727"
"266","CO","Crowley County, CO",65,1460,1525,63,1430,1493,45,1424,1469,50,"1,371","1,421"
"267","CO","Custer County, CO",63,2025,2088,74,2009,2083,61,1970,2031,63,"1,953","2,016"
"268","CO","Delta County, CO",484,14035,14519,560,13852,14412,550,13721,14271,686,"13,263","13,949"
"269","CO","Denver County/city, CO",11348,409974,421322,12568,399026,411594,10849,387741,398590,11948,"372,773","384,721"
"270","CO","Dolores County, CO",35,1129,1164,32,1116,1148,33,1095,1128,42,"1,029","1,071"
"271","CO","Douglas County, CO",4662,191586,196248,5266,186463,191729,4364,180221,184585,4733,"172,638","177,371"
"272","CO","Eagle County, CO",832,36241,37073,942,35195,36137,802,33970,34772,926,"32,770","33,696"
"273","CO","Elbert County, CO",335,15009,15344,406,14628,15034,346,14033,14379,358,"13,428","13,786"
"274","CO","El Paso County, CO",11282,331453,342735,12709,322516,335225,10533,314855,325388,11810,"302,644","314,454"
"275","CO","Fremont County, CO",703,14548,15251,759,14295,15054,635,14314,14949,761,"13,936","14,697"
"276","CO","Garfield County, CO",889,32021,32910,996,31380,32376,902,30597,31499,1083,"29,888","30,971"
"277","CO","Gilpin County, CO",88,3732,3820,91,3633,3724,72,3525,3597,83,"3,398","3,481"
"278","CO","Grand County, CO",213,9765,9978,256,9656,9912,213,9319,9532,247,"8,934","9,181"
"279","CO","Gunnison County, CO",248,11346,11594,273,11076,11349,215,10463,10678,233,"9,894","10,127"
"280","CO","Hinsdale County, CO",16,422,438,12,432,444,11,462,473,11,"436","447"
"281","CO","Huerfano County, CO",146,2396,2542,165,2419,2584,146,2404,2550,158,"2,341","2,499"
"282","CO","Jackson County, CO",23,980,1003,26,963,989,17,942,959,24,"867","891"
"283","CO","Jefferson County, CO",8598,330124,338722,9651,321346,330997,8404,314385,322789,9316,"305,778","315,094"
"284","CO","Kiowa County, CO",15,950,965,17,927,944,16,906,922,17,"829","846"
"285","CO","Kit Carson County, CO",73,4292,4365,85,4207,4292,74,4301,4375,96,"4,438","4,534"
"286","CO","Lake County, CO",116,4878,4994,123,4678,4801,100,4607,4707,132,"4,481","4,613"
"287","CO","La Plata County, CO",810,31495,32305,924,31354,32278,760,30626,31386,889,"30,072","30,961"
"288","CO","Larimer County, CO",4859,201624,206483,5454,195848,201302,4690,190257,194947,5254,"181,951","187,205"
"289","CO","Las Animas County, CO",258,6377,6635,297,6256,6553,249,6004,6253,312,"5,870","6,182"
"290","CO","Lincoln County, CO",56,2375,2431,58,2402,2460,49,2327,2376,58,"2,219","2,277"
"291","CO","Logan County, CO",263,10904,11167,303,10913,11216,258,10833,11091,324,"10,682","11,006"
"292","CO","Mesa County, CO",2628,73986,76614,2962,72652,75614,2892,70704,73596,3841,"68,215","72,056"
"293","CO","Mineral County, CO",12,521,533,13,498,511,9,455,464,10,"453","463"
"294","CO","Moffat County, CO",255,7195,7450,264,7171,7435,242,7077,7319,285,"6,892","7,177"
"295","CO","Montezuma County, CO",552,12486,13038,603,12379,12982,504,12332,12836,632,"12,085","12,717"
"296","CO","Montrose County, CO",683,21327,22010,770,20861,21631,680,20110,20790,830,"19,224","20,054"
"297","CO","Morgan County, CO",436,16146,16582,460,15892,16352,374,15186,15560,519,"14,508","15,027"
"298","CO","Otero County, CO",345,8150,8495,411,7990,8401,339,7924,8263,382,"7,727","8,109"
"299","CO","Ouray County, CO",71,2383,2454,80,2307,2387,64,2195,2259,81,"2,083","2,164"
"300","CO","Park County, CO",282,11010,11292,302,10729,11031,245,10206,10451,274,"9,552","9,826"
"301","CO","Phillips County, CO",42,2589,2631,48,2546,2594,41,2529,2570,49,"2,421","2,470"
"302","CO","Pitkin County, CO",354,11041,11395,413,10821,11234,335,10639,10974,363,"10,365","10,728"
"303","CO","Prowers County, CO",168,6240,6408,201,6087,6288,160,6028,6188,194,"5,806","6,000"
"304","CO","Pueblo County, CO",3129,73147,76276,3543,72004,75547,3177,71495,74672,3495,"69,551","73,046"
"305","CO","Rio Blanco County, CO",111,2908,3019,120,2820,2940,108,2674,2782,139,"2,597","2,736"
"306","CO","Rio Grande County, CO",226,5280,5506,258,5167,5425,230,5135,5365,255,"4,898","5,153"
"307","CO","Routt County, CO",359,16132,16491,423,15815,16238,367,15167,15534,390,"14,504","14,894"
"308","CO","Saguache County, CO",144,3462,3606,161,3374,3535,150,3283,3433,158,"3,068","3,226"
"309","CO","San Juan County, CO",17,553,570,15,508,523,12,515,527,18,"461","479"
"310","CO","San Miguel County, CO",163,5737,5900,186,5377,5563,151,5187,5338,169,"5,012","5,181"
"311","CO","Sedgwick County, CO",25,1206,1231,30,1159,1189,25,1164,1189,27,"1,149","1,176"
"312","CO","Summit County, CO",419,22760,23179,476,22030,22506,404,21409,21813,437,"20,672","21,109"
"313","CO","Teller County, CO",396,12425,12821,446,12096,12542,388,11842,12230,435,"11,288","11,723"
"314","CO","Washington County, CO",59,2941,3000,73,2982,3055,58,2966,3024,63,"2,854","2,917"
"315","CO","Weld County, CO",4331,165670,170001,4801,160252,165053,4184,153366,157550,5119,"144,709","149,828"
"316","CO","Yuma County, CO",98,6126,6224,116,5893,6009,90,5578,5668,116,"5,318","5,434"
"317","CT","Connecticut",71366,1842164,1913530,78773,1821891,1900664,89311,1808328,1897639,97309,"1,794,477","1,891,786"
"318","CT","Fairfield County, CT",17476,463547,481023,19134,460045,479179,21833,457625,479458,23432,"457,145","480,577"
"319","CT","Hartford County, CT",18770,464533,483303,20522,458138,478660,23185,454205,477390,25404,"448,868","474,272"
"320","CT","Litchfield County, CT",3639,101543,105182,4036,100568,104604,4529,99522,104051,4947,"99,796","104,743"
"321","CT","Middlesex County, CT",2993,90703,93696,3294,89517,92811,3766,88817,92583,4098,"88,179","92,277"
"322","CT","New Haven County, CT",18099,443514,461613,20314,438485,458799,23155,434645,457800,25125,"430,672","455,797"
"323","CT","New London County, CT",4963,132423,137386,5462,131394,136856,6203,131267,137470,6978,"129,057","136,035"
"324","CT","Tolland County, CT",2840,84207,87047,3119,83055,86174,3440,82362,85802,3831,"81,489","85,320"
"325","CT","Windham County, CT",2584,61697,64281,2895,60689,63584,3202,59886,63088,3493,"59,271","62,764"
"326","DE","Delaware",18419,468844,487263,18231,463542,481773,21342,454928,476270,21326,"450,526","471,852"
"327","DE","Kent County, DE",3314,76097,79411,3261,74802,78063,3779,73667,77446,3792,"73,404","77,196"
"328","DE","New Castle County, DE",11048,289100,300148,10973,286811,297784,12963,282545,295508,12996,"280,645","293,641"
"329","DE","Sussex County, DE",4058,103648,107706,3998,101930,105928,4601,98716,103317,4538,"96,477","101,015"
"330","DC","District of Columbia",22487,387482,409969,23036,381703,404739,24305,376716,401021,24124,"370,897","395,021"
"331","DC","District of Columbia",22487,387482,409969,23036,381703,404739,24305,376716,401021,24124,"370,897","395,021"
"332","FL","Florida",320689,10016060,10336749,364881,9808656,10173537,424105,9639326,10063431,470057,"9,335,870","9,805,927"
"333","FL","Alachua County, FL",4105,135112,139217,4547,132623,137170,5197,130393,135590,5646,"126,746","132,392"
"334","FL","Baker County, FL",368,11484,11852,406,11225,11631,490,11178,11668,553,"10,844","11,397"
"335","FL","Bay County, FL",3255,80980,84235,3618,84286,87904,3684,84675,88359,4166,"83,595","87,761"
"336","FL","Bradford County, FL",347,10715,11062,381,10751,11132,413,10855,11268,460,"10,381","10,841"
"337","FL","Brevard County, FL",9062,275025,284087,9901,266476,276377,11696,257525,269221,13348,"248,726","262,074"
"338","FL","Broward County, FL",31706,1008813,1040519,35316,995853,1031169,40799,982614,1023413,44941,"957,296","1,002,237"
"339","FL","Calhoun County, FL",197,4622,4819,213,4725,4938,244,4736,4980,284,"4,692","4,976"
"340","FL","Charlotte County, FL",2626,69239,71865,2891,67821,70712,3338,66783,70121,3668,"65,493","69,161"
"341","FL","Citrus County, FL",2281,45096,47377,2522,44929,47451,2830,45097,47927,3197,"44,552","47,749"
"342","FL","Clay County, FL",3251,104467,107718,3550,102156,105706,4075,100222,104297,4517,"96,324","100,841"
"343","FL","Collier County, FL",5586,175040,180626,6233,171288,177521,7217,166305,173522,7853,"161,045","168,898"
"344","FL","Columbia County, FL",966,28831,29797,1126,28259,29385,1288,28076,29364,1442,"28,263","29,705"
"345","FL","DeSoto County, FL",499,13686,14185,549,13145,13694,632,13435,14067,706,"12,741","13,447"
"346","FL","Dixie County, FL",222,5606,5828,246,5526,5772,275,5481,5756,306,"5,334","5,640"
"347","FL","Duval County, FL",16056,475890,491946,17684,465288,482972,20435,458384,478819,22819,"443,960","466,779"
"348","FL","Escambia County, FL",4666,141253,145919,5200,137719,142919,5990,136297,142287,6936,"133,760","140,696"
"349","FL","Flagler County, FL",1795,45235,47030,1943,44659,46602,2232,43985,46217,2478,"42,779","45,257"
"350","FL","Franklin County, FL",164,4486,4650,167,4553,4720,171,4535,4706,204,"4,524","4,728"
"351","FL","Gadsden County, FL",772,18061,18833,850,17506,18356,1002,17184,18186,1133,"17,039","18,172"
"352","FL","Gilchrist County, FL",245,6900,7145,268,6753,7021,304,6526,6830,332,"6,333","6,665"
"353","FL","Glades County, FL",211,5173,5384,209,5012,5221,267,4691,4958,292,"4,416","4,708"
"354","FL","Gulf County, FL",277,5495,5772,272,5719,5991,236,5785,6021,276,"5,679","5,955"
"355","FL","Hamilton County, FL",178,4162,4340,185,4181,4366,210,4109,4319,262,"4,386","4,648"
"356","FL","Hardee County, FL",428,8074,8502,465,8332,8797,529,8448,8977,611,"8,626","9,237"
"357","FL","Hendry County, FL",907,14680,15587,970,14639,15609,1173,14854,16027,1303,"14,071","15,374"
"358","FL","Hernando County, FL",3017,68906,71923,3254,67306,70560,3663,65820,69483,4082,"63,712","67,794"
"359","FL","Highlands County, FL",1642,34452,36094,1797,34647,36444,2072,34377,36449,2321,"33,334","35,655"
"360","FL","Hillsborough County, FL",23152,727117,750269,25418,710221,735639,28588,696922,725510,31126,"674,848","705,974"
"361","FL","Holmes County, FL",246,6701,6947,276,6601,6877,330,6571,6901,360,"6,339","6,699"
"362","FL","Indian River County, FL",2508,62949,65457,2844,62028,64872,3236,60796,64032,3719,"58,348","62,067"
"363","FL","Jackson County, FL",623,16522,17145,701,16520,17221,785,16542,17327,899,"16,408","17,307"
"364","FL","Jefferson County, FL",187,5436,5623,213,5351,5564,241,5264,5505,281,"5,095","5,376"
"365","FL","Lafayette County, FL",86,2769,2855,97,2728,2825,111,2835,2946,129,"2,833","2,962"
"366","FL","Lake County, FL",5108,153919,159027,5612,149768,155380,6382,144851,151233,7051,"138,781","145,832"
"367","FL","Lee County, FL",10911,337116,348027,11901,329035,340936,13811,321870,335681,15118,"313,612","328,730"
"368","FL","Leon County, FL",4780,150713,155493,5273,148467,153740,5981,146378,152359,6763,"143,181","149,944"
"369","FL","Levy County, FL",621,16104,16725,662,16132,16794,753,16047,16800,855,"15,762","16,617"
"370","FL","Liberty County, FL",94,2545,2639,104,2507,2611,120,2504,2624,134,"2,498","2,632"
"371","FL","Madison County, FL",281,7188,7469,289,6994,7283,330,7050,7380,383,"6,929","7,312"
"372","FL","Manatee County, FL",5611,174382,179993,6176,171675,177851,7010,168020,175030,7720,"162,567","170,287"
"373","FL","Marion County, FL",5289,132335,137624,5942,129674,135616,6787,127142,133929,7635,"124,145","131,780"
"374","FL","Martin County, FL",2333,71786,74119,2620,70156,72776,3038,69125,72163,3414,"67,350","70,764"
"375","FL","Miami-Dade County, FL",33065,1350924,1383989,47217,1315474,1362691,61354,1298510,1359864,68877,"1,244,190","1,313,067"
"376","FL","Monroe County, FL",963,45792,46755,1170,43899,45069,1499,44232,45731,1469,"44,898","46,367"
"377","FL","Nassau County, FL",1210,40000,41210,1320,39138,40458,1534,37662,39196,1688,"36,018","37,706"
"378","FL","Okaloosa County, FL",2598,94342,96940,2900,92257,95157,3297,91236,94533,3723,"89,347","93,070"
"379","FL","Okeechobee County, FL",617,17184,17801,665,17027,17692,808,17559,18367,926,"17,187","18,113"
"380","FL","Orange County, FL",22173,740564,762737,24416,721134,745550,27645,702466,730111,30597,"674,711","705,308"
"381","FL","Osceola County, FL",6046,178283,184329,6708,173698,180406,7531,165753,173284,8097,"155,857","163,954"
"382","FL","Palm Beach County, FL",23969,709694,733663,26463,699716,726179,30324,692769,723093,33082,"674,875","707,957"
"383","FL","Pasco County, FL",8310,229631,237941,9143,224130,233273,10259,218330,228589,11340,"210,767","222,107"
"384","FL","Pinellas County, FL",14713,479472,494185,16301,468188,484489,18626,466184,484810,20654,"456,719","477,373"
"385","FL","Polk County, FL",11280,294472,305752,12513,285973,298486,14150,279636,293786,15752,"270,598","286,350"
"386","FL","Putnam County, FL",1150,25413,26563,1320,25403,26723,1481,25587,27068,1705,"25,221","26,926"
"387","FL","St. Johns County, FL",3494,128970,132464,3825,126180,130005,4265,120801,125066,4459,"113,922","118,381"
"388","FL","St. Lucie County, FL",5722,139389,145111,6383,136183,142566,7231,132155,139386,7771,"127,177","134,948"
"389","FL","Santa Rosa County, FL",2455,80448,82903,2743,78497,81240,3097,76050,79147,3413,"72,574","75,987"
"390","FL","Sarasota County, FL",5849,183288,189137,6453,180505,186958,7334,177553,184887,8178,"172,515","180,693"
"391","FL","Seminole County, FL",7444,248085,255529,8175,241721,249896,9267,238299,247566,10282,"231,320","241,602"
"392","FL","Sumter County, FL",1502,31126,32628,1636,29649,31285,1862,28437,30299,2091,"27,239","29,330"
"393","FL","Suwannee County, FL",619,17427,18046,681,17469,18150,787,17580,18367,885,"17,266","18,151"
"394","FL","Taylor County, FL",295,7934,8229,335,8314,8649,396,8385,8781,474,"8,346","8,820"
"395","FL","Union County, FL",137,4501,4638,151,4457,4608,182,4638,4820,206,"4,581","4,787"
"396","FL","Volusia County, FL",8767,245545,254312,9633,242811,252444,11154,238896,250050,12347,"232,679","245,026"
"397","FL","Wakulla County, FL",434,14487,14921,470,14254,14724,524,13983,14507,588,"13,683","14,271"
"398","FL","Walton County, FL",892,30685,31577,988,29984,30972,1107,28972,30079,1235,"27,654","28,889"
"399","FL","Washington County, FL",330,9348,9678,383,9363,9746,431,9367,9798,495,"9,187","9,682"
"400","GA","Georgia",175008,4935310,5110318,200434,4880038,5080472,236554,4812097,5048651,263852,"4,649,755","4,913,607"
"401","GA","Appling County, GA",361,8945,9306,387,8616,9003,504,8741,9245,585,"8,589","9,174"
"402","GA","Atkinson County, GA",143,4552,4695,152,4182,4334,185,3973,4158,208,"3,763","3,971"
"403","GA","Bacon County, GA",176,4790,4966,189,4818,5007,223,4821,5044,260,"4,713","4,973"
"404","GA","Baker County, GA",55,1108,1163,61,1096,1157,76,1158,1234,91,"1,089","1,180"
"405","GA","Baldwin County, GA",738,16671,17409,868,16715,17583,1023,16538,17561,1205,"16,401","17,606"
"406","GA","Banks County, GA",264,9352,9616,298,9194,9492,358,8898,9256,427,"8,374","8,801"
"407","GA","Barrow County, GA",1138,39247,40385,1310,38596,39906,1575,37548,39123,1775,"35,863","37,638"
"408","GA","Bartow County, GA",1654,48885,50539,1887,48075,49962,2262,47201,49463,2464,"45,649","48,113"
"409","GA","Ben Hill County, GA",295,5053,5348,320,5133,5453,421,5036,5457,454,"5,084","5,538"
"410","GA","Berrien County, GA",298,7176,7474,309,7122,7431,375,7000,7375,442,"6,767","7,209"
"411","GA","Bibb County, GA",2647,65249,67896,3101,65631,68732,3658,65754,69412,4072,"64,465","68,537"
"412","GA","Bleckley County, GA",228,4303,4531,264,4323,4587,305,4267,4572,356,"4,139","4,495"
"413","GA","Brantley County, GA",294,6964,7258,327,7002,7329,413,6876,7289,476,"6,609","7,085"
"414","GA","Brooks County, GA",233,6668,6901,273,6656,6929,315,6715,7030,367,"6,632","6,999"
"415","GA","Bryan County, GA",548,17738,18286,614,17618,18232,732,16841,17573,822,"16,079","16,901"
"416","GA","Bulloch County, GA",1370,35170,36540,1569,35309,36878,1831,34764,36595,2055,"33,852","35,907"
"417","GA","Burke County, GA",465,8689,9154,559,8656,9215,659,8657,9316,711,"8,516","9,227"
"418","GA","Butts County, GA",360,10377,10737,432,10204,10636,505,10092,10597,583,"9,778","10,361"
"419","GA","Calhoun County, GA",81,2152,2233,94,2139,2233,117,2126,2243,122,"2,038","2,160"
"420","GA","Camden County, GA",756,20113,20869,870,19929,20799,1048,19762,20810,1169,"19,149","20,318"
"421","GA","Candler County, GA",165,5383,5548,181,5139,5320,212,5006,5218,242,"4,821","5,063"
"422","GA","Carroll County, GA",1885,53325,55210,2185,52470,54655,2734,52048,54782,3209,"50,247","53,456"
"423","GA","Catoosa County, GA",999,32518,33517,1131,32173,33304,1344,31445,32789,1552,"30,569","32,121"
"424","GA","Charlton County, GA",181,4604,4785,206,4576,4782,242,4608,4850,267,"4,466","4,733"
"425","GA","Chatham County, GA",4605,135052,139657,5183,134128,139311,6175,132390,138565,7119,"128,743","135,862"
"426","GA","Chattahoochee County, GA",91,1906,1997,111,1913,2024,134,1850,1984,170,"1,885","2,055"
"427","GA","Chattooga County, GA",512,9795,10307,425,10016,10441,493,10042,10535,657,"9,762","10,419"
"428","GA","Cherokee County, GA",3696,132118,135814,4177,130011,134188,4858,125939,130797,5347,"120,346","125,693"
"429","GA","Clarke County, GA",2099,56997,59096,2403,58133,60536,2864,57928,60792,3232,"55,434","58,666"
"430","GA","Clay County, GA",61,819,880,63,781,844,78,788,866,92,"790","882"
"431","GA","Clayton County, GA",5816,131980,137796,6676,129776,136452,7816,127048,134864,8615,"121,941","130,556"
"432","GA","Clinch County, GA",104,2550,2654,124,2623,2747,151,2618,2769,170,"2,595","2,765"
"433","GA","Cobb County, GA",12575,412592,425167,14351,405949,420300,17052,403070,420122,18798,"390,646","409,444"
"434","GA","Coffee County, GA",731,18138,18869,839,17886,18725,931,17484,18415,1049,"17,008","18,057"
"435","GA","Colquitt County, GA",675,20702,21377,802,20623,21425,986,21046,22032,1106,"19,959","21,065"
"436","GA","Columbia County, GA",2274,72860,75134,2606,72695,75301,3030,71074,74104,3292,"67,640","70,932"
"437","GA","Cook County, GA",270,7718,7988,294,7513,7807,346,7353,7699,406,"7,105","7,511"
"438","GA","Coweta County, GA",2184,72410,74594,2528,71217,73745,3017,69481,72498,3492,"66,795","70,287"
"439","GA","Crawford County, GA",201,5404,5605,235,5429,5664,280,5440,5720,334,"5,334","5,668"
"440","GA","Crisp County, GA",368,9065,9433,451,8898,9349,484,8898,9382,553,"8,621","9,174"
"441","GA","Dade County, GA",268,7941,8209,298,7876,8174,355,7835,8190,404,"7,600","8,004"
"442","GA","Dawson County, GA",349,11971,12320,405,11789,12194,456,11399,11855,529,"10,784","11,313"
"443","GA","Decatur County, GA",439,11101,11540,532,10902,11434,641,10994,11635,761,"10,694","11,455"
"444","GA","DeKalb County, GA",13654,385700,399354,15951,379404,395355,18807,375592,394399,20582,"361,505","382,087"
"445","GA","Dodge County, GA",381,6700,7081,368,6758,7126,442,6675,7117,509,"6,495","7,004"
"446","GA","Dooly County, GA",191,4880,5071,237,4858,5095,255,4821,5076,286,"4,656","4,942"
"447","GA","Dougherty County, GA",1818,36509,38327,2057,36337,38394,2324,36503,38827,2606,"35,492","38,098"
"448","GA","Douglas County, GA",2577,70640,73217,2999,69493,72492,3494,68410,71904,3893,"66,215","70,108"
"449","GA","Early County, GA",171,4201,4372,207,4303,4510,244,4279,4523,302,"4,091","4,393"
"450","GA","Echols County, GA",53,1856,1909,61,1847,1908,74,1827,1901,81,"1,798","1,879"
"451","GA","Effingham County, GA",889,30000,30889,1002,29785,30787,1181,28225,29406,1369,"27,002","28,371"
"452","GA","Elbert County, GA",306,7352,7658,373,7417,7790,409,7435,7844,500,"7,217","7,717"
"453","GA","Emanuel County, GA",440,7847,8287,489,7795,8284,570,8006,8576,652,"7,780","8,432"
"454","GA","Evans County, GA",164,4698,4862,180,4701,4881,212,4669,4881,235,"4,546","4,781"
"455","GA","Fannin County, GA",380,11132,11512,444,10786,11230,521,10439,10960,578,"10,233","10,811"
"456","GA","Fayette County, GA",1729,56256,57985,1998,55327,57325,2300,54570,56870,2619,"53,005","55,624"
"457","GA","Floyd County, GA",1689,42455,44144,1885,42261,44146,2279,41842,44121,2606,"40,822","43,428"
"458","GA","Forsyth County, GA",3339,118737,122076,3800,116807,120607,4324,111910,116234,4620,"106,203","110,823"
"459","GA","Franklin County, GA",350,9592,9942,381,9592,9973,476,9582,10058,511,"9,261","9,772"
"460","GA","Fulton County, GA",19349,537605,556954,22218,528836,551054,26244,521497,547741,28506,"501,729","530,235"
"461","GA","Gilmer County, GA",417,11444,11861,499,11428,11927,600,11384,11984,670,"11,145","11,815"
"462","GA","Glascock County, GA",47,1225,1272,53,1228,1281,64,1233,1297,76,"1,190","1,266"
"463","GA","Glynn County, GA",1306,38039,39345,1464,38277,39741,1864,37868,39732,2074,"37,040","39,114"
"464","GA","Gordon County, GA",951,27025,27976,1052,26310,27362,1220,25396,26616,1413,"23,846","25,259"
"465","GA","Grady County, GA",356,10093,10449,407,10184,10591,519,10207,10726,556,"9,680","10,236"
"466","GA","Greene County, GA",270,6740,7010,298,6703,7001,349,6467,6816,398,"6,195","6,593"
"467","GA","Gwinnett County, GA",14728,474882,489610,17017,467318,484335,20217,460937,481154,22207,"444,758","466,965"
"468","GA","Habersham County, GA",658,18411,19069,720,18598,19318,872,18393,19265,1017,"18,254","19,271"
"469","GA","Hall County, GA",2839,99222,102061,3238,98304,101542,3881,96297,100178,4322,"91,834","96,156"
"470","GA","Hancock County, GA",135,2312,2447,146,2309,2455,178,2346,2524,212,"2,315","2,527"
"471","GA","Haralson County, GA",416,12141,12557,478,11950,12428,588,11772,12360,703,"11,435","12,138"
"472","GA","Harris County, GA",510,16139,16649,569,16216,16785,686,15928,16614,782,"15,260","16,042"
"473","GA","Hart County, GA",400,10903,11303,423,11238,11661,495,10733,11228,590,"10,404","10,994"
"474","GA","Heard County, GA",175,5073,5248,201,4990,5191,255,4902,5157,294,"4,693","4,987"
"475","GA","Henry County, GA",4086,111409,115495,4707,109509,114216,5406,106788,112194,5977,"102,754","108,731"
"476","GA","Houston County, GA",2340,68005,70345,2800,67030,69830,3240,65803,69043,3609,"63,950","67,559"
"477","GA","Irwin County, GA",156,3172,3328,186,3118,3304,227,3047,3274,251,"2,962","3,213"
"478","GA","Jackson County, GA",968,35550,36518,1110,35069,36179,1284,33943,35227,1415,"31,819","33,234"
"479","GA","Jasper County, GA",213,6726,6939,240,6618,6858,293,6549,6842,314,"6,257","6,571"
"480","GA","Jeff Davis County, GA",279,5772,6051,293,5754,6047,367,5750,6117,395,"5,822","6,217"
"481","GA","Jefferson County, GA",312,6260,6572,353,6321,6674,413,6319,6732,486,"6,100","6,586"
"482","GA","Jenkins County, GA",160,2983,3143,169,2995,3164,212,2947,3159,238,"2,919","3,157"
"483","GA","Johnson County, GA",147,3889,4036,160,3916,4076,206,3886,4092,239,"3,681","3,920"
"484","GA","Jones County, GA",434,13262,13696,503,13333,13836,598,13311,13909,661,"13,110","13,771"
"485","GA","Lamar County, GA",318,7914,8232,377,7791,8168,446,7585,8031,517,"7,369","7,886"
"486","GA","Lanier County, GA",147,3601,3748,168,3603,3771,194,3644,3838,221,"3,601","3,822"
"487","GA","Laurens County, GA",873,18269,19142,927,18417,19344,1124,18116,19240,1265,"17,767","19,032"
"488","GA","Lee County, GA",449,14268,14717,525,14200,14725,619,14397,15016,681,"13,852","14,533"
"489","GA","Liberty County, GA",977,25119,26096,1095,24622,25717,1302,24148,25450,1462,"23,542","25,004"
"490","GA","Lincoln County, GA",137,3417,3554,175,3404,3579,185,3377,3562,204,"3,268","3,472"
"491","GA","Long County, GA",296,7841,8137,316,7690,8006,382,7577,7959,400,"7,012","7,412"
"492","GA","Lowndes County, GA",1804,49376,51180,2090,49411,51501,2382,49208,51590,2700,"48,527","51,227"
"493","GA","Lumpkin County, GA",519,16200,16719,591,16037,16628,686,16015,16701,762,"15,183","15,945"
"494","GA","McDuffie County, GA",450,8402,8852,494,8379,8873,551,8326,8877,642,"8,144","8,786"
"495","GA","McIntosh County, GA",219,5948,6167,247,5973,6220,308,5817,6125,350,"5,644","5,994"
"496","GA","Macon County, GA",217,4476,4693,289,4384,4673,325,4383,4708,386,"4,285","4,671"
"497","GA","Madison County, GA",405,12877,13282,479,13131,13610,575,12960,13535,645,"12,417","13,062"
"498","GA","Marion County, GA",140,3165,3305,173,3180,3353,204,3214,3418,247,"3,127","3,374"
"499","GA","Meriwether County, GA",401,8510,8911,441,8376,8817,519,8326,8845,600,"8,143","8,743"
"500","GA","Miller County, GA",90,2659,2749,101,2654,2755,124,2691,2815,148,"2,600","2,748"
"501","GA","Mitchell County, GA",385,8060,8445,448,7876,8324,526,7952,8478,561,"7,994","8,555"
"502","GA","Monroe County, GA",421,12574,12995,477,12644,13121,580,12501,13081,671,"12,326","12,997"
"503","GA","Montgomery County, GA",200,3607,3807,220,3617,3837,246,3510,3756,277,"3,442","3,719"
"504","GA","Morgan County, GA",287,8953,9240,326,8816,9142,400,8571,8971,438,"8,247","8,685"
"505","GA","Murray County, GA",780,14725,15505,840,15064,15904,969,14858,15827,1107,"14,511","15,618"
"506","GA","Muscogee County, GA",3513,73977,77490,3984,74367,78351,4648,74199,78847,5313,"72,985","78,298"
"507","GA","Newton County, GA",2010,50187,52197,2308,49358,51666,2698,48427,51125,2987,"46,931","49,918"
"508","GA","Oconee County, GA",496,19014,19510,589,19387,19976,682,18750,19432,755,"17,690","18,445"
"509","GA","Oglethorpe County, GA",223,6706,6929,261,6825,7086,302,6739,7041,336,"6,572","6,908"
"510","GA","Paulding County, GA",2519,83397,85916,2913,82010,84923,3392,79259,82651,3674,"75,847","79,521"
"511","GA","Peach County, GA",483,11343,11826,609,11184,11793,683,11053,11736,799,"10,621","11,420"
"512","GA","Pickens County, GA",455,14816,15271,534,14574,15108,634,14314,14948,699,"13,680","14,379"
"513","GA","Pierce County, GA",294,8404,8698,327,8348,8675,395,8379,8774,452,"8,090","8,542"
"514","GA","Pike County, GA",268,8631,8899,316,8495,8811,383,8261,8644,435,"7,954","8,389"
"515","GA","Polk County, GA",668,17761,18429,773,17671,18444,958,17487,18445,1107,"16,935","18,042"
"516","GA","Pulaski County, GA",156,3896,4052,175,3842,4017,213,3871,4084,236,"3,796","4,032"
"517","GA","Putnam County, GA",354,7831,8185,407,7804,8211,468,7688,8156,558,"7,381","7,939"
"518","GA","Quitman County, GA",40,760,800,46,775,821,49,783,832,59,"754","813"
"519","GA","Rabun County, GA",252,6900,7152,282,6798,7080,337,6555,6892,395,"6,292","6,687"
"520","GA","Randolph County, GA",122,2405,2527,137,2331,2468,162,2348,2510,208,"2,261","2,469"
"521","GA","Richmond County, GA",3843,81242,85085,4427,81021,85448,5083,80713,85796,5718,"78,975","84,693"
"522","GA","Rockdale County, GA",1690,43061,44751,1952,42360,44312,2328,41991,44319,2500,"40,679","43,179"
"523","GA","Schley County, GA",85,2115,2200,100,2083,2183,120,2087,2207,133,"1,980","2,113"
"524","GA","Screven County, GA",275,4813,5088,283,4972,5255,327,4931,5258,393,"4,836","5,229"
"525","GA","Seminole County, GA",134,2903,3037,161,2865,3026,196,2883,3079,243,"2,844","3,087"
"526","GA","Spalding County, GA",1145,27530,28675,1338,27079,28417,1634,26635,28269,1905,"25,841","27,746"
"527","GA","Stephens County, GA",412,10273,10685,497,10395,10892,570,10438,11008,647,"10,368","11,015"
"528","GA","Stewart County, GA",100,2296,2396,113,2240,2353,135,2142,2277,136,"1,998","2,134"
"529","GA","Sumter County, GA",609,12077,12686,749,11880,12629,868,12006,12874,970,"11,854","12,824"
"530","GA","Talbot County, GA",126,2693,2819,141,2676,2817,170,2619,2789,183,"2,557","2,740"
"531","GA","Taliaferro County, GA",28,539,567,30,535,565,38,536,574,38,"510","548"
"532","GA","Tattnall County, GA",366,9194,9560,404,9226,9630,470,9105,9575,498,"8,818","9,316"
"533","GA","Taylor County, GA",124,2950,3074,179,2589,2768,243,2570,2813,248,"3,070","3,318"
"534","GA","Telfair County, GA",391,3716,4107,290,4043,4333,371,4403,4774,402,"4,403","4,805"
"535","GA","Terrell County, GA",177,3333,3510,237,3316,3553,218,3441,3659,237,"3,414","3,651"
"536","GA","Thomas County, GA",663,15807,16470,784,15999,16783,990,16188,17178,1091,"16,413","17,504"
"537","GA","Tift County, GA",663,19088,19751,767,18474,19241,884,18208,19092,996,"17,527","18,523"
"538","GA","Toombs County, GA",576,11079,11655,684,11115,11799,765,11027,11792,918,"10,849","11,767"
"539","GA","Towns County, GA",188,3705,3893,218,3672,3890,245,3511,3756,279,"3,823","4,102"
"540","GA","Treutlen County, GA",139,2503,2642,156,2536,2692,182,2546,2728,210,"2,527","2,737"
"541","GA","Troup County, GA",1187,36117,37304,1339,35125,36464,1630,35663,37293,1872,"34,906","36,778"
"542","GA","Turner County, GA",120,3019,3139,159,2997,3156,182,3086,3268,209,"3,021","3,230"
"543","GA","Twiggs County, GA",156,2722,2878,171,2735,2906,222,2740,2962,256,"2,688","2,944"
"544","GA","Union County, GA",321,9953,10274,376,9896,10272,454,9680,10134,494,"9,939","10,433"
"545","GA","Upson County, GA",404,10916,11320,495,10813,11308,611,10642,11253,717,"10,407","11,124"
"546","GA","Walker County, GA",1116,30242,31358,1196,29917,31113,1381,29427,30808,1664,"28,224","29,888"
"547","GA","Walton County, GA",1410,44601,46011,1617,43862,45479,1918,42728,44646,2127,"41,186","43,313"
"548","GA","Ware County, GA",569,14986,15555,606,14883,15489,711,15083,15794,832,"14,625","15,457"
"549","GA","Warren County, GA",128,2693,2821,135,2603,2738,158,2560,2718,187,"2,508","2,695"
"550","GA","Washington County, GA",291,6722,7013,355,6752,7107,430,6922,7352,454,"6,718","7,172"
"551","GA","Wayne County, GA",456,10947,11403,527,10807,11334,642,10691,11333,772,"10,505","11,277"
"552","GA","Webster County, GA",50,957,1007,62,931,993,74,917,991,83,"882","965"
"553","GA","Wheeler County, GA",120,1490,1610,121,1536,1657,154,1581,1735,156,"1,575","1,731"
"554","GA","White County, GA",430,15836,16266,487,15585,16072,600,15072,15672,670,"13,789","14,459"
"555","GA","Whitfield County, GA",1927,41637,43564,2126,42628,44754,2425,42417,44842,2730,"41,939","44,669"
"556","GA","Wilcox County, GA",120,2575,2695,139,2526,2665,159,2601,2760,196,"2,520","2,716"
"557","GA","Wilkes County, GA",173,3650,3823,176,3626,3802,213,3594,3807,245,"3,456","3,701"
"558","GA","Wilkinson County, GA",151,3808,3959,169,3653,3822,213,3589,3802,231,"3,414","3,645"
"559","GA","Worth County, GA",345,8552,8897,395,8503,8898,446,8803,9249,531,"8,577","9,108"
"560","HI","Hawaii",18019,646973,664992,16928,658256,675184,16645,667154,683799,20167,"663,056","683,223"
"561","HI","Hawaii County, HI",3143,88018,91161,2791,89660,92451,2643,90923,93566,3354,"89,703","93,057"
"562","HI","Honolulu County/city, HI",11626,438936,450562,11053,446999,458052,10852,453882,464734,13009,"453,131","466,140"
"563","HI","Kauai County, HI",978,35558,36536,927,35672,36599,885,36317,37202,1153,"35,657","36,810"
"564","HI","Maui County, HI",2272,84461,86733,2158,85925,88083,2265,86033,88298,2651,"84,564","87,215"
"565","ID","Idaho",25646,856245,881891,24921,832286,857207,26759,807147,833906,30777,"783,891","814,668"
"566","ID","Ada County, ID",6369,247855,254224,6191,238575,244766,6620,227785,234405,7428,"218,120","225,548"
"567","ID","Adams County, ID",117,1604,1721,95,1624,1719,101,1647,1748,121,"1,626","1,747"
"568","ID","Bannock County, ID",1206,41546,42752,1169,40564,41733,1274,40216,41490,1465,"39,682","41,147"
"569","ID","Bear Lake County, ID",87,2891,2978,83,2773,2856,91,2739,2830,129,"2,687","2,816"
"570","ID","Benewah County, ID",215,3894,4109,187,3831,4018,226,3781,4007,238,"3,781","4,019"
"571","ID","Bingham County, ID",635,23182,23817,646,22657,23303,688,22337,23025,803,"22,027","22,830"
"572","ID","Blaine County, ID",323,11995,12318,300,12036,12336,316,11908,12224,374,"11,493","11,867"
"573","ID","Boise County, ID",151,3365,3516,145,3243,3388,154,3050,3204,164,"2,938","3,102"
"574","ID","Bonner County, ID",836,19222,20058,824,18851,19675,875,18380,19255,1026,"17,895","18,921"
"575","ID","Bonneville County, ID",1364,55678,57042,1358,53842,55200,1449,52089,53538,1668,"50,808","52,476"
"576","ID","Boundary County, ID",238,5138,5376,237,5028,5265,247,4903,5150,268,"4,846","5,114"
"577","ID","Butte County, ID",37,1360,1397,45,1318,1363,40,1292,1332,53,"1,242","1,295"
"578","ID","Camas County, ID",19,676,695,16,672,688,19,663,682,24,"635","659"
"579","ID","Canyon County, ID",3344,101058,104402,3184,97447,100631,3508,93030,96538,4080,"89,703","93,783"
"580","ID","Caribou County, ID",110,4025,4135,110,3761,3871,122,3741,3863,137,"3,664","3,801"
"581","ID","Cassia County, ID",295,11920,12215,267,11516,11783,294,11424,11718,345,"11,265","11,610"
"582","ID","Clark County, ID",14,364,378,11,370,381,11,387,398,13,"381","394"
"583","ID","Clearwater County, ID",197,2708,2905,202,2714,2916,211,2795,3006,223,"2,832","3,055"
"584","ID","Custer County, ID",94,2134,2228,91,2095,2186,92,2066,2158,109,"2,035","2,144"
"585","ID","Elmore County, ID",378,11169,11547,380,11022,11402,411,10774,11185,453,"10,520","10,973"
"586","ID","Franklin County, ID",165,6876,7041,151,6720,6871,156,6595,6751,204,"6,448","6,652"
"587","ID","Fremont County, ID",184,7686,7870,192,7584,7776,203,7410,7613,248,"7,134","7,382"
"588","ID","Gem County, ID",273,8035,8308,285,7769,8054,315,7552,7867,364,"7,379","7,743"
"589","ID","Gooding County, ID",217,8005,8222,198,7898,8096,199,7822,8021,246,"7,766","8,012"
"590","ID","Idaho County, ID",298,6265,6563,305,6128,6433,314,5996,6310,360,"5,992","6,352"
"591","ID","Jefferson County, ID",326,13709,14035,314,13297,13611,333,12742,13075,397,"12,451","12,848"
"592","ID","Jerome County, ID",315,11884,12199,310,11667,11977,329,11308,11637,358,"11,008","11,366"
"593","ID","Kootenai County, ID",2845,77257,80102,2766,74997,77763,2953,72754,75707,3453,"70,512","73,965"
"594","ID","Latah County, ID",555,19994,20549,511,19674,20185,535,19509,20044,632,"19,298","19,930"
"595","ID","Lemhi County, ID",170,3396,3566,159,3349,3508,182,3295,3477,209,"3,205","3,414"
"596","ID","Lewis County, ID",90,1558,1648,92,1528,1620,95,1519,1614,104,"1,525","1,629"
"597","ID","Lincoln County, ID",96,2607,2703,94,2611,2705,88,2614,2702,118,"2,528","2,646"
"598","ID","Madison County, ID",402,21539,21941,379,21262,21641,401,20771,21172,498,"20,101","20,599"
"599","ID","Minidoka County, ID",291,11151,11442,281,10752,11033,295,10693,10988,348,"10,545","10,893"
"600","ID","Nez Perce County, ID",598,20459,21057,588,20373,20961,606,20552,21158,686,"20,216","20,902"
"601","ID","Oneida County, ID",53,2268,2321,52,2279,2331,65,2190,2255,79,"2,125","2,204"
"602","ID","Owyhee County, ID",183,5251,5434,199,5212,5411,211,5093,5304,242,"5,047","5,289"
"603","ID","Payette County, ID",415,11248,11663,423,11130,11553,458,11026,11484,523,"10,752","11,275"
"604","ID","Power County, ID",127,3965,4092,121,3959,4080,136,3819,3955,161,"3,776","3,937"
"605","ID","Shoshone County, ID",304,4839,5143,297,4776,5073,320,4716,5036,364,"4,762","5,126"
"606","ID","Teton County, ID",146,6480,6626,148,6264,6412,157,5973,6130,193,"5,799","5,992"
"607","ID","Twin Falls County, ID",1159,40234,41393,1118,39542,40660,1216,38898,40114,1349,"38,284","39,633"
"608","ID","Valley County, ID",216,5338,5554,205,5144,5349,229,4912,5141,268,"4,705","4,973"
"609","ID","Washington County, ID",192,4420,4612,194,4434,4628,217,4385,4602,254,"4,354","4,608"
"610","IL","Illinois",255853,6190757,6446610,279152,6184805,6463957,319277,6159030,6478307,380337,"6,161,676","6,542,013"
"611","IL","Adams County, IL",1109,31249,32358,1246,31689,32935,1264,31129,32393,1547,"30,936","32,483"
"612","IL","Alexander County, IL",127,1923,2050,166,1904,2070,177,1954,2131,206,"1,999","2,205"
"613","IL","Bond County, IL",300,7533,7833,335,7474,7809,351,7570,7921,403,"7,475","7,878"
"614","IL","Boone County, IL",1487,24890,26377,1495,25129,26624,1760,24412,26172,1677,"24,648","26,325"
"615","IL","Brown County, IL",72,2921,2993,74,2812,2886,82,2779,2861,96,"2,760","2,856"
"616","IL","Bureau County, IL",807,16585,17392,851,16659,17510,855,16544,17399,1050,"16,324","17,374"
"617","IL","Calhoun County, IL",113,2225,2338,122,2210,2332,128,2210,2338,147,"2,227","2,374"
"618","IL","Carroll County, IL",303,7022,7325,327,7157,7484,354,7268,7622,445,"7,420","7,865"
"619","IL","Cass County, IL",253,5878,6131,271,5867,6138,280,5875,6155,347,"5,866","6,213"
"620","IL","Champaign County, IL",4102,105014,109116,4592,103473,108065,4586,102259,106845,5380,"102,018","107,398"
"621","IL","Christian County, IL",705,13910,14615,762,14060,14822,787,13995,14782,976,"14,315","15,291"
"622","IL","Clark County, IL",348,7345,7693,395,7409,7804,386,7494,7880,475,"7,687","8,162"
"623","IL","Clay County, IL",296,6212,6508,344,6343,6687,356,6293,6649,458,"6,247","6,705"
"624","IL","Clinton County, IL",640,19908,20548,715,19750,20465,724,19583,20307,913,"19,537","20,450"
"625","IL","Coles County, IL",966,22889,23855,1121,23106,24227,1152,23404,24556,1448,"23,075","24,523"
"626","IL","Cook County, IL",98233,2496526,2594759,107918,2494216,2602134,134154,2497953,2632107,160716,"2,500,024","2,660,740"
"627","IL","Crawford County, IL",375,8340,8715,457,8271,8728,465,8369,8834,563,"8,463","9,026"
"628","IL","Cumberland County, IL",210,5915,6125,239,5867,6106,245,5882,6127,311,"5,670","5,981"
"629","IL","DeKalb County, IL",2282,53115,55397,2392,52902,55294,2549,52292,54841,2951,"52,231","55,182"
"630","IL","De Witt County, IL",325,7165,7490,375,7200,7575,364,7333,7697,452,"7,489","7,941"
"631","IL","Douglas County, IL",366,9897,10263,410,9895,10305,421,9823,10244,485,"9,797","10,282"
"632","IL","DuPage County, IL",14817,492985,507802,16328,492484,508812,20279,491133,511412,24367,"491,840","516,207"
"633","IL","Edgar County, IL",383,8636,9019,423,8866,9289,463,8996,9459,582,"9,124","9,706"
"634","IL","Edwards County, IL",111,2604,2715,122,2660,2782,132,2718,2850,173,"2,799","2,972"
"635","IL","Effingham County, IL",630,18740,19370,702,18505,19207,718,18175,18893,883,"17,804","18,687"
"636","IL","Fayette County, IL",436,9504,9940,503,9308,9811,537,9147,9684,643,"9,110","9,753"
"637","IL","Ford County, IL",279,6211,6490,299,6142,6441,312,6137,6449,361,"6,292","6,653"
"638","IL","Franklin County, IL",891,15565,16456,1024,15884,16908,1076,15468,16544,1352,"15,340","16,692"
"639","IL","Fulton County, IL",853,14409,15262,928,14355,15283,993,14492,15485,1168,"14,635","15,803"
"640","IL","Gallatin County, IL",115,2244,2359,137,2307,2444,143,2324,2467,192,"2,342","2,534"
"641","IL","Greene County, IL",260,5776,6036,287,5732,6019,308,5713,6021,354,"5,716","6,070"
"642","IL","Grundy County, IL",1136,24307,25443,1220,24284,25504,1472,24017,25489,1723,"23,999","25,722"
"643","IL","Hamilton County, IL",172,4277,4449,194,4288,4482,202,4262,4464,267,"3,990","4,257"
"644","IL","Hancock County, IL",397,8067,8464,390,8115,8505,440,8082,8522,576,"8,253","8,829"
"645","IL","Hardin County, IL",87,1231,1318,101,1234,1335,105,1248,1353,136,"1,263","1,399"
"646","IL","Henderson County, IL",175,3463,3638,178,3486,3664,188,3462,3650,227,"3,490","3,717"
"647","IL","Henry County, IL",1202,24015,25217,1234,23886,25120,1284,23718,25002,1523,"23,692","25,215"
"648","IL","Iroquois County, IL",608,13873,14481,630,13855,14485,667,13931,14598,815,"13,980","14,795"
"649","IL","Jackson County, IL",1071,27012,28083,1251,26831,28082,1265,26806,28071,1546,"27,133","28,679"
"650","IL","Jasper County, IL",198,4469,4667,226,4391,4617,226,4263,4489,292,"4,355","4,647"
"651","IL","Jefferson County, IL",805,16720,17525,918,16863,17781,961,16534,17495,1126,"16,442","17,568"
"652","IL","Jersey County, IL",489,10555,11044,524,10474,10998,531,10422,10953,645,"10,410","11,055"
"653","IL","Jo Daviess County, IL",441,10428,10869,471,10585,11056,496,10566,11062,612,"10,764","11,376"
"654","IL","Johnson County, IL",250,3905,4155,306,3814,4120,310,3808,4118,367,"3,842","4,209"
"655","IL","Kane County, IL",12162,262136,274298,13202,260970,274172,13104,256477,269581,14955,"255,214","270,169"
"656","IL","Kankakee County, IL",2811,53396,56207,3001,52565,55566,3016,51810,54826,3544,"51,162","54,706"
"657","IL","Kendall County, IL",2272,66358,68630,2457,66235,68692,2960,65093,68053,3464,"64,412","67,876"
"658","IL","Knox County, IL",1085,20771,21856,1152,21029,22181,1173,21327,22500,1413,"21,528","22,941"
"659","IL","Lake County, IL",15603,362822,378425,16795,361032,377827,16911,355660,372571,19495,"352,296","371,791"
"660","IL","LaSalle County, IL",2921,52081,55002,3186,52942,56128,3160,53039,56199,3866,"53,251","57,117"
"661","IL","Lawrence County, IL",307,5606,5913,341,5658,5999,369,5698,6067,459,"5,717","6,176"
"662","IL","Lee County, IL",706,17018,17724,773,17164,17937,780,17042,17822,926,"17,095","18,021"
"663","IL","Livingston County, IL",679,15984,16663,712,15963,16675,749,15920,16669,922,"16,105","17,027"
"664","IL","Logan County, IL",554,12185,12739,591,12336,12927,595,12272,12867,696,"12,346","13,042"
"665","IL","McDonough County, IL",628,12830,13458,652,12731,13383,682,12845,13527,880,"13,147","14,027"
"666","IL","McHenry County, IL",5488,160086,165574,5948,159952,165900,7350,159616,166966,8766,"158,888","167,654"
"667","IL","McLean County, IL",3326,85134,88460,3630,85473,89103,3700,85632,89332,4580,"85,947","90,527"
"668","IL","Macon County, IL",2577,46328,48905,2731,47223,49954,2761,46851,49612,3339,"47,229","50,568"
"669","IL","Macoupin County, IL",989,22136,23125,1113,21966,23079,1129,21856,22985,1392,"21,966","23,358"
"670","IL","Madison County, IL",5291,129708,134999,5966,128575,134541,6384,127724,134108,7964,"127,149","135,113"
"671","IL","Marion County, IL",791,16889,17680,858,17014,17872,931,16755,17686,1151,"16,875","18,026"
"672","IL","Marshall County, IL",258,5108,5366,280,5157,5437,295,5162,5457,374,"5,257","5,631"
"673","IL","Mason County, IL",338,6004,6342,369,5949,6318,391,6034,6425,460,"5,979","6,439"
"674","IL","Massac County, IL",316,5336,5652,392,5330,5722,381,5469,5850,428,"5,564","5,992"
"675","IL","Menard County, IL",247,6295,6542,263,6336,6599,276,6265,6541,316,"6,431","6,747"
"676","IL","Mercer County, IL",407,7761,8168,418,7724,8142,415,7655,8070,511,"7,711","8,222"
"677","IL","Monroe County, IL",589,18313,18902,635,18153,18788,624,17854,18478,751,"17,735","18,486"
"678","IL","Montgomery County, IL",616,11207,11823,690,11235,11925,686,11252,11938,860,"11,250","12,110"
"679","IL","Morgan County, IL",668,15910,16578,713,15698,16411,723,15715,16438,837,"16,098","16,935"
"680","IL","Moultrie County, IL",254,7384,7638,283,7241,7524,286,7048,7334,341,"7,103","7,444"
"681","IL","Ogle County, IL",1215,23947,25162,1245,24237,25482,1305,24092,25397,1526,"24,265","25,791"
"682","IL","Peoria County, IL",4368,81085,85453,4729,81781,86510,5077,81123,86200,6077,"81,962","88,039"
"683","IL","Perry County, IL",431,7960,8391,493,7967,8460,505,7898,8403,619,"8,086","8,705"
"684","IL","Piatt County, IL",313,8319,8632,355,8211,8566,347,8190,8537,422,"8,269","8,691"
"685","IL","Pike County, IL",306,6751,7057,340,6883,7223,329,6962,7291,383,"7,125","7,508"
"686","IL","Pope County, IL",94,1599,1693,102,1657,1759,112,1667,1779,121,"1,640","1,761"
"687","IL","Pulaski County, IL",131,1865,1996,163,1910,2073,169,1956,2125,186,"2,008","2,194"
"688","IL","Putnam County, IL",154,2912,3066,158,2885,3043,149,2856,3005,174,"2,933","3,107"
"689","IL","Randolph County, IL",529,13842,14371,614,13598,14212,629,13557,14186,729,"13,819","14,548"
"690","IL","Richland County, IL",298,6975,7273,342,7168,7510,362,7188,7550,447,"7,093","7,540"
"691","IL","Rock Island County, IL",3560,68377,71937,3668,67966,71634,3658,67587,71245,4523,"67,558","72,081"
"692","IL","St. Clair County, IL",5677,121685,127362,6283,120630,126913,6395,120017,126412,7730,"119,462","127,192"
"693","IL","Saline County, IL",514,9188,9702,627,9238,9865,633,9140,9773,861,"9,189","10,050"
"694","IL","Sangamon County, IL",4092,97552,101644,4417,98154,102571,4514,97745,102259,5176,"98,686","103,862"
"695","IL","Schuyler County, IL",138,3139,3277,145,3196,3341,152,3184,3336,189,"3,169","3,358"
"696","IL","Scott County, IL",120,2410,2530,128,2359,2487,129,2327,2456,143,"2,384","2,527"
"697","IL","Shelby County, IL",417,10278,10695,452,10292,10744,463,9953,10416,596,"9,800","10,396"
"698","IL","Stark County, IL",146,2409,2555,159,2432,2591,163,2405,2568,203,"2,556","2,759"
"699","IL","Stephenson County, IL",955,20868,21823,1019,21173,22192,1018,20642,21660,1256,"20,151","21,407"
"700","IL","Tazewell County, IL",2835,61347,64182,3117,61874,64991,3473,61182,64655,4231,"61,543","65,774"
"701","IL","Union County, IL",424,7070,7494,471,6985,7456,475,6886,7361,558,"6,966","7,524"
"702","IL","Vermilion County, IL",1711,31540,33251,2018,31551,33569,2208,31766,33974,2531,"32,361","34,892"
"703","IL","Wabash County, IL",226,5648,5874,263,5533,5796,283,5350,5633,361,"5,392","5,753"
"704","IL","Warren County, IL",349,8207,8556,358,8360,8718,364,8297,8661,459,"8,238","8,697"
"705","IL","Washington County, IL",259,9995,10254,286,9593,9879,286,9354,9640,363,"9,282","9,645"
"706","IL","Wayne County, IL",335,6696,7031,377,6538,6915,431,6523,6954,623,"6,679","7,302"
"707","IL","White County, IL",254,6409,6663,279,6445,6724,325,6354,6679,452,"6,437","6,889"
"708","IL","Whiteside County, IL",1230,27619,28849,1271,27349,28620,1365,26834,28199,1667,"27,061","28,728"
"709","IL","Will County, IL",13634,343602,357236,14847,343007,357854,18108,341728,359836,21585,"340,776","362,361"
"710","IL","Williamson County, IL",1381,30765,32146,1603,30551,32154,1648,30172,31820,1989,"30,336","32,325"
"711","IL","Winnebago County, IL",7948,132290,140238,7905,133567,141472,8995,130081,139076,9426,"131,886","141,312"
"712","IL","Woodford County, IL",705,18165,18870,767,18326,19093,834,18101,18935,1062,"18,289","19,351"
"713","IN","Indiana",112310,3275056,3387366,117858,3263751,3381609,119006,3215427,3334433,147288,"3,181,085","3,328,373"
"714","IN","Adams County, IN",470,16785,17255,463,17026,17489,456,16803,17259,610,"16,427","17,037"
"715","IN","Allen County, IN",5876,180923,186799,5940,178696,184636,6100,175114,181214,7721,"173,132","180,853"
"716","IN","Bartholomew County, IN",1125,43902,45027,1208,43908,45116,1230,43280,44510,1506,"42,938","44,444"
"717","IN","Benton County, IN",146,4436,4582,150,4411,4561,155,4342,4497,193,"4,372","4,565"
"718","IN","Blackford County, IN",198,4808,5006,208,5114,5322,217,5124,5341,286,"5,050","5,336"
"719","IN","Boone County, IN",897,35553,36450,994,35194,36188,1016,34381,35397,1176,"33,677","34,853"
"720","IN","Brown County, IN",232,7518,7750,248,7444,7692,260,7297,7557,302,"7,219","7,521"
"721","IN","Carroll County, IN",309,9967,10276,340,9885,10225,349,9725,10074,429,"9,679","10,108"
"722","IN","Cass County, IN",629,17366,17995,681,17573,18254,690,17204,17894,838,"17,209","18,047"
"723","IN","Clark County, IN",2058,59835,61893,2150,59724,61874,2149,58750,60899,2521,"58,008","60,529"
"724","IN","Clay County, IN",430,11694,12124,488,11837,12325,462,11825,12287,578,"11,806","12,384"
"725","IN","Clinton County, IN",462,16769,17231,493,16687,17180,527,16452,16979,666,"16,484","17,150"
"726","IN","Crawford County, IN",202,4672,4874,225,4725,4950,222,4726,4948,282,"4,717","4,999"
"727","IN","Daviess County, IN",435,16337,16772,454,16054,16508,451,15493,15944,565,"15,407","15,972"
"728","IN","Dearborn County, IN",921,25010,25931,959,24913,25872,1005,24757,25762,1206,"24,390","25,596"
"729","IN","Decatur County, IN",434,14618,15052,452,14491,14943,434,14266,14700,518,"14,035","14,553"
"730","IN","DeKalb County, IN",642,22116,22758,647,21850,22497,658,21610,22268,871,"21,361","22,232"
"731","IN","Delaware County, IN",2092,51853,53945,2206,51938,54144,2343,52034,54377,2825,"52,254","55,079"
"732","IN","Dubois County, IN",555,22590,23145,586,22742,23328,606,22596,23202,728,"22,664","23,392"
"733","IN","Elkhart County, IN",3473,109468,112941,3055,112944,115999,2879,109475,112354,3779,"104,678","108,457"
"734","IN","Fayette County, IN",416,8375,8791,430,8726,9156,461,8620,9081,538,"8,812","9,350"
"735","IN","Floyd County, IN",1321,40476,41797,1398,40407,41805,1378,39517,40895,1678,"39,303","40,981"
"736","IN","Fountain County, IN",283,7777,8060,297,7798,8095,319,7594,7913,463,"7,507","7,970"
"737","IN","Franklin County, IN",394,11052,11446,429,10972,11401,409,10811,11220,498,"10,979","11,477"
"738","IN","Fulton County, IN",315,9601,9916,341,9658,9999,344,9424,9768,464,"9,423","9,887"
"739","IN","Gibson County, IN",491,19043,19534,525,18902,19427,568,18543,19111,696,"18,501","19,197"
"740","IN","Grant County, IN",1185,30648,31833,1253,30916,32169,1251,30608,31859,1585,"30,556","32,141"
"741","IN","Greene County, IN",564,13164,13728,615,13124,13739,651,12960,13611,898,"12,843","13,741"
"742","IN","Hamilton County, IN",4657,180004,184661,5023,177963,182986,4954,173395,178349,5590,"168,883","174,473"
"743","IN","Hancock County, IN",1153,39317,40470,1233,38898,40131,1194,37953,39147,1464,"37,218","38,682"
"744","IN","Harrison County, IN",659,19727,20386,714,19699,20413,700,19227,19927,839,"19,116","19,955"
"745","IN","Hendricks County, IN",2446,87966,90412,2626,86951,89577,2553,84659,87212,2996,"82,780","85,776"
"746","IN","Henry County, IN",730,21435,22165,797,21621,22418,820,21363,22183,1021,"21,093","22,114"
"747","IN","Howard County, IN",1483,35432,36915,1552,35875,37427,1464,36519,37983,1774,"36,304","38,078"
"748","IN","Huntington County, IN",599,17745,18344,659,17719,18378,664,17743,18407,759,"17,928","18,687"
"749","IN","Jackson County, IN",606,22356,22962,660,22158,22818,677,21776,22453,817,"21,527","22,344"
"750","IN","Jasper County, IN",604,15831,16435,654,15815,16469,715,15687,16402,882,"15,688","16,570"
"751","IN","Jay County, IN",287,9216,9503,328,9449,9777,349,9440,9789,451,"9,494","9,945"
"752","IN","Jefferson County, IN",511,14567,15078,522,14585,15107,565,14513,15078,712,"14,573","15,285"
"753","IN","Jennings County, IN",448,13151,13599,500,13099,13599,509,12738,13247,630,"12,635","13,265"
"754","IN","Johnson County, IN",2241,81134,83375,2416,80240,82656,2419,78529,80948,2916,"77,330","80,246"
"755","IN","Knox County, IN",573,18011,18584,605,18246,18851,644,17987,18631,833,"18,230","19,063"
"756","IN","Kosciusko County, IN",1190,41248,42438,1139,41592,42731,1146,40430,41576,1554,"39,941","41,495"
"757","IN","LaGrange County, IN",559,19514,20073,523,20118,20641,515,19473,19988,670,"18,752","19,422"
"758","IN","Lake County, IN",11355,221096,232451,11620,220240,231860,11868,218323,230191,14694,"217,542","232,236"
"759","IN","LaPorte County, IN",2050,46012,48062,2124,45961,48085,2155,45672,47827,2861,"45,786","48,647"
"760","IN","Lawrence County, IN",766,20481,21247,822,20307,21129,924,19901,20825,1170,"19,423","20,593"
"761","IN","Madison County, IN",2190,57262,59452,2338,56649,58987,2355,56219,58574,2973,"55,991","58,964"
"762","IN","Marion County, IN",16116,476851,492967,17382,471316,488698,17675,465932,483607,21547,"459,887","481,434"
"763","IN","Marshall County, IN",726,22513,23239,750,22613,23363,733,22948,23681,912,"23,412","24,324"
"764","IN","Martin County, IN",141,5239,5380,146,5071,5217,155,4982,5137,211,"4,939","5,150"
"765","IN","Miami County, IN",606,14911,15517,642,15188,15830,628,15239,15867,759,"15,326","16,085"
"766","IN","Monroe County, IN",2338,68000,70338,2540,67018,69558,2514,65998,68512,3162,"64,824","67,986"
"767","IN","Montgomery County, IN",577,18275,18852,587,18517,19104,586,18407,18993,737,"18,419","19,156"
"768","IN","Morgan County, IN",1128,35404,36532,1250,35030,36280,1275,34600,35875,1534,"34,503","36,037"
"769","IN","Newton County, IN",289,6746,7035,311,6745,7056,342,6733,7075,393,"6,644","7,037"
"770","IN","Noble County, IN",737,23023,23760,702,22947,23649,720,22414,23134,947,"22,382","23,329"
"771","IN","Ohio County, IN",112,3089,3201,114,3075,3189,116,3037,3153,159,"3,067","3,226"
"772","IN","Orange County, IN",300,8353,8653,339,8231,8570,349,8369,8718,451,"8,429","8,880"
"773","IN","Owen County, IN",375,9038,9413,412,8926,9338,404,8790,9194,515,"8,744","9,259"
"774","IN","Parke County, IN",269,6847,7116,291,6861,7152,291,6901,7192,379,"6,888","7,267"
"775","IN","Perry County, IN",308,8998,9306,349,8981,9330,358,8909,9267,431,"9,029","9,460"
"776","IN","Pike County, IN",203,5948,6151,217,5919,6136,217,6233,6450,275,"6,055","6,330"
"777","IN","Porter County, IN",3263,84303,87566,3390,83988,87378,3525,82467,85992,4421,"81,852","86,273"
"778","IN","Posey County, IN",374,13306,13680,392,13323,13715,410,13127,13537,531,"12,919","13,450"
"779","IN","Pulaski County, IN",202,6367,6569,204,6303,6507,224,6158,6382,285,"6,094","6,379"
"780","IN","Putnam County, IN",582,16286,16868,644,16126,16770,609,15990,16599,750,"15,854","16,604"
"781","IN","Randolph County, IN",425,10922,11347,459,11156,11615,493,11245,11738,570,"12,098","12,668"
"782","IN","Ripley County, IN",466,13860,14326,514,13592,14106,503,13567,14070,646,"13,420","14,066"
"783","IN","Rush County, IN",241,8763,9004,262,8775,9037,275,8658,8933,339,"8,639","8,978"
"784","IN","St. Joseph County, IN",4933,131498,136431,4925,131569,136494,4865,129779,134644,6080,"128,039","134,119"
"785","IN","Scott County, IN",379,10221,10600,419,10204,10623,401,10068,10469,508,"9,967","10,475"
"786","IN","Shelby County, IN",675,22600,23275,729,22365,23094,770,22120,22890,917,"22,037","22,954"
"787","IN","Spencer County, IN",340,10501,10841,365,10614,10979,369,10552,10921,450,"10,525","10,975"
"788","IN","Starke County, IN",432,9531,9963,460,9949,10409,465,9993,10458,587,"10,271","10,858"
"789","IN","Steuben County, IN",553,20232,20785,549,19766,20315,587,19376,19963,735,"19,346","20,081"
"790","IN","Sullivan County, IN",359,8085,8444,406,8191,8597,384,8198,8582,511,"8,188","8,699"
"791","IN","Switzerland County, IN",167,4857,5024,200,4872,5072,202,4797,4999,244,"4,752","4,996"
"792","IN","Tippecanoe County, IN",2903,96245,99148,3170,94963,98133,3107,92504,95611,3835,"90,548","94,383"
"793","IN","Tipton County, IN",253,9084,9337,261,8973,9234,263,8283,8546,328,"8,199","8,527"
"794","IN","Union County, IN",117,3457,3574,114,3450,3564,113,3498,3611,147,"3,490","3,637"
"795","IN","Vanderburgh County, IN",2906,92022,94928,3061,91968,95029,3070,90656,93726,3833,"89,389","93,222"
"796","IN","Vermillion County, IN",366,6675,7041,399,6762,7161,389,6759,7148,479,"6,792","7,271"
"797","IN","Vigo County, IN",2083,46409,48492,2184,46941,49125,2083,46891,48974,2661,"46,714","49,375"
"798","IN","Wabash County, IN",471,14630,15101,524,14467,14991,533,14601,15134,659,"14,818","15,477"
"799","IN","Warren County, IN",127,4098,4225,137,4070,4207,139,3953,4092,199,"3,912","4,111"
"800","IN","Warrick County, IN",962,32233,33195,988,32221,33209,1036,31634,32670,1312,"31,169","32,481"
"801","IN","Washington County, IN",456,13315,13771,493,13335,13828,511,13122,13633,626,"13,056","13,682"
"802","IN","Wayne County, IN",1105,29776,30881,1137,30124,31261,1168,29686,30854,1485,"29,465","30,950"
"803","IN","Wells County, IN",391,14123,14514,411,13985,14396,422,13698,14120,505,"13,662","14,167"
"804","IN","White County, IN",367,13210,13577,425,13257,13682,442,12909,13351,543,"13,100","13,643"
"805","IN","Whitley County, IN",527,17354,17881,514,17157,17671,512,16772,17284,670,"16,564","17,234"
"806","IA","Iowa",47808,1691016,1738824,44252,1646708,1690960,52218,1620442,1672660,61113,"1,628,686","1,689,799"
"807","IA","Adair County, IA",101,4180,4281,101,4035,4136,115,3998,4113,125,"4,097","4,222"
"808","IA","Adams County, IA",38,2171,2209,42,2075,2117,50,2071,2121,57,"2,152","2,209"
"809","IA","Allamakee County, IA",263,7227,7490,233,7141,7374,300,7177,7477,379,"7,269","7,648"
"810","IA","Appanoose County, IA",215,5829,6044,203,5687,5890,228,5775,6003,291,"5,851","6,142"
"811","IA","Audubon County, IA",79,3093,3172,78,3012,3090,97,3043,3140,108,"3,159","3,267"
"812","IA","Benton County, IA",406,13339,13745,374,12965,13339,438,12849,13287,490,"13,071","13,561"
"813","IA","Black Hawk County, IA",2269,68011,70280,1979,66567,68546,2567,65496,68063,3203,"65,879","69,082"
"814","IA","Boone County, IA",360,14791,15151,328,14515,14843,363,14393,14756,421,"14,651","15,072"
"815","IA","Bremer County, IA",329,13774,14103,291,13516,13807,385,13323,13708,496,"13,372","13,868"
"816","IA","Buchanan County, IA",318,11163,11481,297,10924,11221,354,10687,11041,460,"10,711","11,171"
"817","IA","Buena Vista County, IA",251,11673,11924,249,11292,11541,300,11187,11487,405,"11,076","11,481"
"818","IA","Butler County, IA",257,7758,8015,222,7597,7819,282,7536,7818,348,"7,658","8,006"
"819","IA","Calhoun County, IA",110,4202,4312,112,4173,4285,131,4139,4270,170,"4,339","4,509"
"820","IA","Carroll County, IA",216,10890,11106,208,10611,10819,253,10721,10974,289,"10,958","11,247"
"821","IA","Cass County, IA",198,6800,6998,195,6909,7104,256,6836,7092,237,"7,007","7,244"
"822","IA","Cedar County, IA",272,10738,11010,271,10514,10785,313,10425,10738,360,"10,468","10,828"
"823","IA","Cerro Gordo County, IA",657,23262,23919,629,22665,23294,711,22396,23107,829,"22,224","23,053"
"824","IA","Cherokee County, IA",157,6086,6243,133,5851,5984,152,5863,6015,229,"6,074","6,303"
"825","IA","Chickasaw County, IA",189,6416,6605,178,6239,6417,203,6135,6338,284,"6,124","6,408"
"826","IA","Clarke County, IA",144,4799,4943,141,4676,4817,149,4612,4761,162,"4,655","4,817"
"827","IA","Clay County, IA",239,8385,8624,283,8246,8529,320,8200,8520,335,"8,360","8,695"
"828","IA","Clayton County, IA",376,9925,10301,331,9813,10144,402,9726,10128,436,"9,837","10,273"
"829","IA","Clinton County, IA",863,22291,23154,754,21931,22685,942,22118,23060,1173,"22,578","23,751"
"830","IA","Crawford County, IA",295,7971,8266,286,7880,8166,338,7873,8211,460,"7,954","8,414"
"831","IA","Dallas County, IA",988,49377,50365,866,47789,48655,1000,45671,46671,1205,"44,488","45,693"
"832","IA","Davis County, IA",122,4141,4263,117,4094,4211,142,4100,4242,182,"4,096","4,278"
"833","IA","Decatur County, IA",99,4354,4453,101,4231,4332,113,4142,4255,141,"4,252","4,393"
"834","IA","Delaware County, IA",252,10468,10720,223,10210,10433,279,10168,10447,371,"10,327","10,698"
"835","IA","Des Moines County, IA",777,18810,19587,657,18784,19441,828,18717,19545,988,"18,998","19,986"
"836","IA","Dickinson County, IA",295,9933,10228,322,9522,9844,370,9681,10051,442,"9,831","10,273"
"837","IA","Dubuque County, IA",1502,55435,56937,1383,53949,55332,1626,52619,54245,1943,"52,594","54,537"
"838","IA","Emmet County, IA",136,5196,5332,150,5148,5298,172,5203,5375,238,"5,343","5,581"
"839","IA","Fayette County, IA",383,10367,10750,322,10193,10515,382,10050,10432,475,"10,208","10,683"
"840","IA","Floyd County, IA",320,8657,8977,245,8580,8825,282,8449,8731,315,"8,351","8,666"
"841","IA","Franklin County, IA",136,5659,5795,126,5653,5779,158,5595,5753,206,"5,723","5,929"
"842","IA","Fremont County, IA",103,3629,3732,72,3645,3717,100,3691,3791,131,"3,846","3,977"
"843","IA","Greene County, IA",132,5367,5499,126,5264,5390,149,5251,5400,177,"5,474","5,651"
"844","IA","Grundy County, IA",183,6440,6623,168,6339,6507,190,6311,6501,229,"6,388","6,617"
"845","IA","Guthrie County, IA",170,5533,5703,149,5390,5539,179,5352,5531,202,"5,407","5,609"
"846","IA","Hamilton County, IA",200,6814,7014,193,6754,6947,228,6797,7025,268,"6,853","7,121"
"847","IA","Hancock County, IA",145,5850,5995,143,5828,5971,159,5940,6099,172,"6,201","6,373"
"848","IA","Hardin County, IA",262,7939,8201,242,8003,8245,270,8126,8396,333,"8,217","8,550"
"849","IA","Harrison County, IA",183,7297,7480,167,7089,7256,201,7065,7266,251,"7,179","7,430"
"850","IA","Henry County, IA",264,9668,9932,247,9471,9718,289,9332,9621,339,"9,197","9,536"
"851","IA","Howard County, IA",148,5108,5256,135,5051,5186,154,4917,5071,191,"5,124","5,315"
"852","IA","Humboldt County, IA",138,5052,5190,134,5057,5191,160,5073,5233,155,"5,217","5,372"
"853","IA","Ida County, IA",83,4107,4190,83,4009,4092,94,3909,4003,103,"3,911","4,014"
"854","IA","Iowa County, IA",236,10450,10686,223,10204,10427,273,10106,10379,328,"10,202","10,530"
"855","IA","Jackson County, IA",352,10814,11166,313,10633,10946,369,10459,10828,463,"10,571","11,034"
"856","IA","Jasper County, IA",589,19478,20067,528,18828,19356,603,18588,19191,682,"18,512","19,194"
"857","IA","Jefferson County, IA",251,10002,10253,226,9498,9724,282,8816,9098,336,"8,824","9,160"
"858","IA","Johnson County, IA",1783,85941,87724,1713,83976,85689,2120,82832,84952,2183,"81,903","84,086"
"859","IA","Jones County, IA",344,10532,10876,325,10251,10576,384,10080,10464,457,"10,203","10,660"
"860","IA","Keokuk County, IA",173,5136,5309,153,4996,5149,186,4982,5168,228,"5,079","5,307"
"861","IA","Kossuth County, IA",190,8347,8537,178,8330,8508,207,8489,8696,232,"8,638","8,870"
"862","IA","Lee County, IA",644,15706,16350,662,15301,15963,882,15248,16130,1052,"16,364","17,416"
"863","IA","Linn County, IA",3622,120668,124290,3457,116835,120292,3977,114206,118183,4346,"114,131","118,477"
"864","IA","Louisa County, IA",188,5947,6135,165,5890,6055,199,5841,6040,239,"5,848","6,087"
"865","IA","Lucas County, IA",97,4603,4700,92,4401,4493,123,4220,4343,139,"4,231","4,370"
"866","IA","Lyon County, IA",118,7047,7165,110,6873,6983,122,6835,6957,144,"6,924","7,068"
"867","IA","Madison County, IA",318,8404,8722,276,8149,8425,299,7955,8254,292,"7,937","8,229"
"868","IA","Mahaska County, IA",305,11729,12034,299,11402,11701,373,11187,11560,438,"11,330","11,768"
"869","IA","Marion County, IA",399,18215,18614,379,17497,17876,457,16818,17275,525,"16,875","17,400"
"870","IA","Marshall County, IA",823,17381,18204,827,17211,18038,835,17291,18126,935,"18,150","19,085"
"871","IA","Mills County, IA",175,7334,7509,158,7111,7269,202,7072,7274,269,"7,118","7,387"
"872","IA","Mitchell County, IA",118,6834,6952,110,5810,5920,123,5619,5742,154,"5,710","5,864"
"873","IA","Monona County, IA",134,4375,4509,126,4327,4453,164,4328,4492,193,"4,520","4,713"
"874","IA","Monroe County, IA",125,3955,4080,118,3783,3901,148,3725,3873,182,"3,765","3,947"
"875","IA","Montgomery County, IA",135,4942,5077,124,4803,4927,156,4771,4927,180,"4,919","5,099"
"876","IA","Muscatine County, IA",636,21539,22175,598,21173,21771,718,21039,21757,852,"21,520","22,372"
"877","IA","O'Brien County, IA",181,8186,8367,166,7943,8109,193,7790,7983,231,"8,107","8,338"
"878","IA","Osceola County, IA",69,3509,3578,70,3449,3519,75,3497,3572,96,"3,537","3,633"
"879","IA","Page County, IA",168,6310,6478,165,6229,6394,248,6069,6317,324,"6,126","6,450"
"880","IA","Palo Alto County, IA",108,4747,4855,110,4753,4863,131,4737,4868,154,"4,799","4,953"
"881","IA","Plymouth County, IA",338,14695,15033,289,14375,14664,350,14247,14597,383,"14,585","14,968"
"882","IA","Pocahontas County, IA",88,4501,4589,81,4264,4345,100,4051,4151,123,"4,182","4,305"
"883","IA","Polk County, IA",7753,265893,273646,7005,257086,264091,7974,250800,258774,8912,"247,743","256,655"
"884","IA","Pottawattamie County, IA",1198,48101,49299,1159,46511,47670,1329,45977,47306,1634,"46,503","48,137"
"885","IA","Poweshiek County, IA",281,10258,10539,254,10207,10461,326,10037,10363,357,"10,038","10,395"
"886","IA","Ringgold County, IA",72,2439,2511,72,2454,2526,78,2458,2536,91,"2,509","2,600"
"887","IA","Sac County, IA",127,5236,5363,129,5165,5294,151,5162,5313,165,"5,315","5,480"
"888","IA","Scott County, IA",3024,87687,90711,2666,85144,87810,3149,82814,85963,3905,"82,592","86,497"
"889","IA","Shelby County, IA",144,6657,6801,137,6514,6651,160,6485,6645,200,"6,605","6,805"
"890","IA","Sioux County, IA",401,20939,21340,377,20110,20487,409,19837,20246,474,"20,157","20,631"
"891","IA","Story County, IA",1100,58115,59215,955,56909,57864,1139,55906,57045,1333,"55,478","56,811"
"892","IA","Tama County, IA",300,9308,9608,291,9196,9487,332,9204,9536,408,"9,334","9,742"
"893","IA","Taylor County, IA",62,3185,3247,66,3170,3236,72,3147,3219,95,"3,126","3,221"
"894","IA","Union County, IA",206,6169,6375,233,6139,6372,199,6196,6395,247,"6,250","6,497"
"895","IA","Van Buren County, IA",101,3613,3714,102,3610,3712,114,3588,3702,141,"3,708","3,849"
"896","IA","Wapello County, IA",664,17404,18068,626,17051,17677,800,16747,17547,1035,"16,811","17,846"
"897","IA","Warren County, IA",730,28053,28783,657,27130,27787,749,26301,27050,865,"26,172","27,037"
"898","IA","Washington County, IA",303,11908,12211,293,11676,11969,359,11809,12168,361,"11,961","12,322"
"899","IA","Wayne County, IA",74,2774,2848,78,2690,2768,85,2676,2761,107,"2,726","2,833"
"900","IA","Webster County, IA",615,19159,19774,645,18519,19164,724,18545,19269,815,"19,564","20,379"
"901","IA","Winnebago County, IA",144,5051,5195,134,4867,5001,163,4972,5135,180,"5,005","5,185"
"902","IA","Winneshiek County, IA",346,11779,12125,324,11463,11787,363,11417,11780,423,"11,606","12,029"
"903","IA","Woodbury County, IA",1532,54977,56509,1426,53584,55010,1726,52403,54129,1982,"53,622","55,604"
"904","IA","Worth County, IA",120,4149,4269,117,4050,4167,127,4055,4182,146,"4,112","4,258"
"905","IA","Wright County, IA",183,6867,7050,173,6289,6462,224,6271,6495,275,"6,399","6,674"
"906","KS","Kansas",47057,1439563,1486620,48618,1429229,1477847,53836,1422274,1476110,59903,"1,423,730","1,483,633"
"907","KS","Allen County, KS",227,6209,6436,247,6076,6323,305,5966,6271,359,"6,073","6,432"
"908","KS","Anderson County, KS",137,4041,4178,140,3973,4113,163,3981,4144,178,"3,991","4,169"
"909","KS","Atchison County, KS",361,6626,6987,316,6681,6997,366,6651,7017,438,"6,600","7,038"
"910","KS","Barber County, KS",58,2261,2319,59,2318,2377,69,2373,2442,93,"2,431","2,524"
"911","KS","Barton County, KS",423,13103,13526,429,13081,13510,508,13508,14016,628,"13,380","14,008"
"912","KS","Bourbon County, KS",284,6416,6700,290,6788,7078,310,6693,7003,346,"6,774","7,120"
"913","KS","Brown County, KS",169,5183,5352,160,5200,5360,171,5145,5316,187,"4,972","5,159"
"914","KS","Butler County, KS",1049,31442,32491,1076,30836,31912,1195,30418,31613,1343,"30,816","32,159"
"915","KS","Chase County, KS",42,1482,1524,38,1426,1464,37,1386,1423,49,"1,356","1,405"
"916","KS","Chautauqua County, KS",56,1378,1434,55,1357,1412,68,1373,1441,80,"1,459","1,539"
"917","KS","Cherokee County, KS",348,9788,10136,367,9652,10019,395,9690,10085,456,"9,822","10,278"
"918","KS","Cheyenne County, KS",32,1278,1310,30,1278,1308,34,1276,1310,37,"1,305","1,342"
"919","KS","Clark County, KS",25,1047,1072,25,1036,1061,27,1055,1082,31,"1,084","1,115"
"920","KS","Clay County, KS",121,3656,3777,119,3660,3779,142,3660,3802,164,"3,866","4,030"
"921","KS","Cloud County, KS",122,3665,3787,127,3652,3779,167,3709,3876,175,"4,077","4,252"
"922","KS","Coffey County, KS",182,3841,4023,189,3891,4080,216,3886,4102,265,"4,013","4,278"
"923","KS","Comanche County, KS",23,846,869,21,862,883,26,877,903,30,"940","970"
"924","KS","Cowley County, KS",549,15749,16298,561,16208,16769,644,16257,16901,748,"16,143","16,891"
"925","KS","Crawford County, KS",726,18003,18729,732,18000,18732,802,18244,19046,910,"17,984","18,894"
"926","KS","Decatur County, KS",37,1198,1235,36,1215,1251,40,1236,1276,51,"1,240","1,291"
"927","KS","Dickinson County, KS",314,8528,8842,312,8779,9091,353,8882,9235,405,"8,752","9,157"
"928","KS","Doniphan County, KS",139,4004,4143,145,3999,4144,146,4036,4182,165,"4,104","4,269"
"929","KS","Douglas County, KS",1918,63457,65375,1963,63156,65119,2086,62984,65070,2305,"62,893","65,198"
"930","KS","Edwards County, KS",38,1450,1488,35,1456,1491,47,1461,1508,50,"1,602","1,652"
"931","KS","Elk County, KS",43,1109,1152,39,1128,1167,50,1133,1183,59,"1,128","1,187"
"932","KS","Ellis County, KS",387,16649,17036,393,16493,16886,426,16495,16921,525,"16,469","16,994"
"933","KS","Ellsworth County, KS",77,2671,2748,73,2608,2681,83,2622,2705,109,"2,722","2,831"
"934","KS","Finney County, KS",481,20121,20602,497,19954,20451,551,19481,20032,622,"19,507","20,129"
"935","KS","Ford County, KS",424,16664,17088,427,16801,17228,504,17249,17753,565,"17,300","17,865"
"936","KS","Franklin County, KS",466,13557,14023,492,13507,13999,528,13596,14124,596,"13,614","14,210"
"937","KS","Geary County, KS",500,10811,11311,527,10868,11395,568,10886,11454,679,"11,365","12,044"
"938","KS","Gove County, KS",31,1437,1468,30,1385,1415,33,1386,1419,35,"1,414","1,449"
"939","KS","Graham County, KS",34,1080,1114,35,1103,1138,40,1070,1110,54,"1,169","1,223"
"940","KS","Grant County, KS",92,3126,3218,91,3244,3335,111,3345,3456,134,"3,635","3,769"
"941","KS","Gray County, KS",64,3166,3230,67,3336,3403,68,3326,3394,77,"3,329","3,406"
"942","KS","Greeley County, KS",18,780,798,17,838,855,16,851,867,19,"892","911"
"943","KS","Greenwood County, KS",102,3136,3238,111,3117,3228,136,3069,3205,162,"3,157","3,319"
"944","KS","Hamilton County, KS",30,1583,1613,31,1589,1620,39,1587,1626,44,"1,597","1,641"
"945","KS","Harper County, KS",73,2802,2875,76,2655,2731,98,2537,2635,103,"2,775","2,878"
"946","KS","Harvey County, KS",494,16496,16990,529,16190,16719,688,16100,16788,727,"16,459","17,186"
"947","KS","Haskell County, KS",50,2158,2208,46,2144,2190,50,2171,2221,60,"2,242","2,302"
"948","KS","Hodgeman County, KS",24,963,987,24,958,982,25,959,984,27,"1,001","1,028"
"949","KS","Jackson County, KS",208,6959,7167,211,6965,7176,226,6970,7196,251,"7,000","7,251"
"950","KS","Jefferson County, KS",308,9788,10096,321,9803,10124,361,9792,10153,397,"9,808","10,205"
"951","KS","Jewell County, KS",36,1255,1291,34,1248,1282,45,1253,1298,57,"1,272","1,329"
"952","KS","Johnson County, KS",9321,329456,338777,9550,326067,335617,10125,322568,332693,10691,"317,290","327,981"
"953","KS","Kearny County, KS",48,1999,2047,47,2032,2079,51,2003,2054,65,"1,991","2,056"
"954","KS","Kingman County, KS",109,3325,3434,107,3282,3389,125,3253,3378,155,"3,369","3,524"
"955","KS","Kiowa County, KS",30,1267,1297,31,1268,1299,34,1306,1340,39,"1,379","1,418"
"956","KS","Labette County, KS",400,9629,10029,396,9785,10181,467,9835,10302,579,"10,143","10,722"
"957","KS","Lane County, KS",20,752,772,22,766,788,26,756,782,25,"785","810"
"958","KS","Leavenworth County, KS",1249,35225,36474,1299,34856,36155,1421,34734,36155,1541,"34,206","35,747"
"959","KS","Lincoln County, KS",39,1642,1681,41,1655,1696,48,1630,1678,59,"1,676","1,735"
"960","KS","Linn County, KS",264,4176,4440,256,4146,4402,259,4132,4391,279,"4,059","4,338"
"961","KS","Logan County, KS",33,1590,1623,35,1645,1680,36,1631,1667,44,"1,677","1,721"
"962","KS","Lyon County, KS",567,16099,16666,573,15975,16548,635,16090,16725,688,"16,114","16,802"
"963","KS","McPherson County, KS",382,16789,17171,409,16059,16468,449,15795,16244,515,"15,806","16,321"
"964","KS","Marion County, KS",177,5814,5991,184,5831,6015,226,6012,6238,241,"5,873","6,114"
"965","KS","Marshall County, KS",157,5335,5492,140,5326,5466,153,5306,5459,168,"5,388","5,556"
"966","KS","Meade County, KS",50,2105,2155,46,2225,2271,56,2212,2268,64,"2,310","2,374"
"967","KS","Miami County, KS",578,16898,17476,615,16726,17341,648,16613,17261,707,"16,296","17,003"
"968","KS","Mitchell County, KS",80,3279,3359,75,3365,3440,94,3337,3431,122,"3,570","3,692"
"969","KS","Montgomery County, KS",605,14196,14801,620,14106,14726,785,14138,14923,980,"15,002","15,982"
"970","KS","Morris County, KS",81,2912,2993,80,2914,2994,94,2889,2983,117,"2,930","3,047"
"971","KS","Morton County, KS",33,1107,1140,37,1129,1166,45,1148,1193,52,"1,290","1,342"
"972","KS","Nemaha County, KS",148,5220,5368,124,5336,5460,134,5416,5550,158,"5,732","5,890"
"973","KS","Neosho County, KS",280,5850,6130,285,5691,5976,318,5704,6022,434,"5,616","6,050"
"974","KS","Ness County, KS",34,1308,1342,35,1295,1330,39,1313,1352,49,"1,372","1,421"
"975","KS","Norton County, KS",59,2641,2700,57,2679,2736,63,2738,2801,70,"2,799","2,869"
"976","KS","Osage County, KS",284,7689,7973,297,7706,8003,315,7609,7924,355,"7,694","8,049"
"977","KS","Osborne County, KS",41,2009,2050,50,1986,2036,55,1950,2005,70,"1,987","2,057"
"978","KS","Ottawa County, KS",82,2927,3009,83,2917,3000,94,2949,3043,120,"3,039","3,159"
"979","KS","Pawnee County, KS",82,2791,2873,90,2812,2902,101,2916,3017,106,"3,100","3,206"
"980","KS","Phillips County, KS",69,2569,2638,68,2698,2766,83,2715,2798,90,"2,764","2,854"
"981","KS","Pottawatomie County, KS",348,12062,12410,337,12105,12442,376,11774,12150,424,"11,714","12,138"
"982","KS","Pratt County, KS",124,4783,4907,132,4806,4938,161,4770,4931,207,"4,891","5,098"
"983","KS","Rawlins County, KS",33,1457,1490,30,1440,1470,32,1417,1449,37,"1,506","1,543"
"984","KS","Reno County, KS",950,28692,29642,1047,28544,29591,1164,28749,29913,1326,"28,778","30,104"
"985","KS","Republic County, KS",58,2205,2263,64,2343,2407,69,2377,2446,70,"2,471","2,541"
"986","KS","Rice County, KS",145,5063,5208,151,5121,5272,173,5198,5371,211,"5,088","5,299"
"987","KS","Riley County, KS",984,34062,35046,988,34146,35134,1071,33931,35002,1182,"33,666","34,848"
"988","KS","Rooks County, KS",90,2448,2538,78,2432,2510,95,2389,2484,126,"2,540","2,666"
"989","KS","Rush County, KS",46,1586,1632,44,1603,1647,53,1591,1644,69,"1,661","1,730"
"990","KS","Russell County, KS",96,3200,3296,97,3261,3358,117,3374,3491,150,"3,420","3,570"
"991","KS","Saline County, KS",907,29269,30176,899,29266,30165,981,29508,30489,1122,"28,956","30,078"
"992","KS","Scott County, KS",54,2778,2832,55,2794,2849,62,2776,2838,71,"2,813","2,884"
"993","KS","Sedgwick County, KS",8678,242477,251155,9140,237636,246776,10396,234077,244473,11488,"235,528","247,016"
"994","KS","Seward County, KS",294,9222,9516,302,9242,9544,343,9445,9788,445,"9,775","10,220"
"995","KS","Shawnee County, KS",3015,87395,90410,3097,87401,90498,3343,87588,90931,3670,"87,910","91,580"
"996","KS","Sheridan County, KS",31,1374,1405,31,1387,1418,31,1335,1366,35,"1,413","1,448"
"997","KS","Sherman County, KS",78,2766,2844,79,2808,2887,84,2799,2883,97,"2,841","2,938"
"998","KS","Smith County, KS",50,1923,1973,47,1913,1960,55,1907,1962,65,"1,966","2,031"
"999","KS","Stafford County, KS",54,1956,2010,51,1915,1966,66,1928,1994,77,"2,015","2,092"
"1000","KS","Stanton County, KS",25,960,985,25,974,999,28,967,995,30,"1,040","1,070"
"1001","KS","Stevens County, KS",67,2476,2543,74,2518,2592,85,2574,2659,115,"2,790","2,905"
"1002","KS","Sumner County, KS",366,10537,10903,370,10349,10719,408,10259,10667,463,"10,457","10,920"
"1003","KS","Thomas County, KS",97,4208,4305,106,4151,4257,109,4127,4236,119,"4,228","4,347"
"1004","KS","Trego County, KS",40,1376,1416,42,1334,1376,48,1382,1430,59,"1,415","1,474"
"1005","KS","Wabaunsee County, KS",118,3529,3647,113,3539,3652,116,3512,3628,132,"3,570","3,702"
"1006","KS","Wallace County, KS",21,784,805,20,799,819,22,825,847,23,"836","859"
"1007","KS","Washington County, KS",77,2838,2915,77,2849,2926,88,2854,2942,101,"2,979","3,080"
"1008","KS","Wichita County, KS",27,1329,1356,27,1287,1314,29,1137,1166,28,"1,176","1,204"
"1009","KS","Wilson County, KS",156,3791,3947,171,3829,4000,188,3787,3975,247,"3,864","4,111"
"1010","KS","Woodson County, KS",68,1540,1608,68,1524,1592,70,1514,1584,93,"1,523","1,616"
"1011","KS","Wyandotte County, KS",3334,73917,77251,3667,73124,76791,4034,73086,77120,4244,"72,109","76,353"
"1012","KY","Kentucky",89009,1983577,2072586,89180,1968611,2057791,100561,1952513,2053074,103182,"1,911,978","2,015,160"
"1013","KY","Adair County, KY",380,6760,7140,358,6845,7203,435,6735,7170,471,"6,614","7,085"
"1014","KY","Allen County, KY",378,8682,9060,337,8588,8925,371,8606,8977,384,"8,466","8,850"
"1015","KY","Anderson County, KY",448,11643,12091,429,11487,11916,484,11350,11834,464,"10,991","11,455"
"1016","KY","Ballard County, KY",201,3323,3524,247,3291,3538,279,3357,3636,327,"3,316","3,643"
"1017","KY","Barren County, KY",851,18001,18852,847,18208,19055,881,18128,19009,892,"17,962","18,854"
"1018","KY","Bath County, KY",288,4343,4631,312,4303,4615,375,4349,4724,353,"4,406","4,759"
"1019","KY","Bell County, KY",543,7909,8452,532,7957,8489,688,7978,8666,800,"7,859","8,659"
"1020","KY","Boone County, KY",2424,68948,71372,2386,68308,70694,2706,67153,69859,2579,"64,670","67,249"
"1021","KY","Bourbon County, KY",372,9441,9813,387,9313,9700,455,9432,9887,473,"9,404","9,877"
"1022","KY","Boyd County, KY",1013,16869,17882,1062,16882,17944,1318,16990,18308,1512,"17,036","18,548"
"1023","KY","Boyle County, KY",587,11999,12586,559,12016,12575,641,11970,12611,614,"11,696","12,310"
"1024","KY","Bracken County, KY",187,3656,3843,187,3627,3814,224,3609,3833,232,"3,599","3,831"
"1025","KY","Breathitt County, KY",262,3231,3493,263,3360,3623,330,3415,3745,371,"3,376","3,747"
"1026","KY","Breckinridge County, KY",423,7523,7946,429,7525,7954,482,7537,8019,491,"7,246","7,737"
"1027","KY","Bullitt County, KY",1774,41294,43068,1729,41040,42769,1776,40053,41829,1695,"38,822","40,517"
"1028","KY","Butler County, KY",247,4886,5133,252,4859,5111,287,4900,5187,283,"4,877","5,160"
"1029","KY","Caldwell County, KY",273,5200,5473,257,5134,5391,284,5055,5339,293,"5,061","5,354"
"1030","KY","Calloway County, KY",767,18032,18799,735,18025,18760,831,17961,18792,851,"17,837","18,688"
"1031","KY","Campbell County, KY",1782,49301,51083,1666,48876,50542,1888,47972,49860,1875,"46,831","48,706"
"1032","KY","Carlisle County, KY",93,2142,2235,112,2146,2258,166,2220,2386,167,"2,397","2,564"
"1033","KY","Carroll County, KY",212,5117,5329,216,5038,5254,233,4771,5004,258,"4,924","5,182"
"1034","KY","Carter County, KY",812,8971,9783,908,8938,9846,980,8942,9922,1055,"8,888","9,943"
"1035","KY","Casey County, KY",280,6424,6704,315,6405,6720,325,6359,6684,326,"6,363","6,689"
"1036","KY","Christian County, KY",1402,23683,25085,1319,23250,24569,1510,22967,24477,1539,"23,351","24,890"
"1037","KY","Clark County, KY",679,16576,17255,709,16446,17155,804,16477,17281,824,"16,194","17,018"
"1038","KY","Clay County, KY",365,4831,5196,367,4853,5220,474,4887,5361,556,"4,898","5,454"
"1039","KY","Clinton County, KY",221,3788,4009,211,3660,3871,254,3608,3862,284,"3,466","3,750"
"1040","KY","Crittenden County, KY",185,3625,3810,199,3668,3867,220,3762,3982,213,"3,809","4,022"
"1041","KY","Cumberland County, KY",134,3051,3185,139,2983,3122,157,2783,2940,166,"2,724","2,890"
"1042","KY","Daviess County, KY",1837,45730,47567,1903,45602,47505,2102,45832,47934,2097,"44,577","46,674"
"1043","KY","Edmonson County, KY",239,4602,4841,257,4559,4816,294,4568,4862,300,"4,505","4,805"
"1044","KY","Elliott County, KY",168,1873,2041,192,1861,2053,226,1891,2117,243,"1,856","2,099"
"1045","KY","Estill County, KY",268,5120,5388,290,5034,5324,322,5028,5350,311,"4,930","5,241"
"1046","KY","Fayette County, KY",5836,170028,175864,5811,168569,174380,6398,168917,175315,6158,"165,244","171,402"
"1047","KY","Fleming County, KY",334,5866,6200,333,5754,6087,371,5693,6064,373,"5,572","5,945"
"1048","KY","Floyd County, KY",708,10340,11048,714,10214,10928,945,10335,11280,1303,"10,156","11,459"
"1049","KY","Franklin County, KY",941,24392,25333,931,24075,25006,1020,23752,24772,1002,"23,436","24,438"
"1050","KY","Fulton County, KY",117,1941,2058,116,1918,2034,150,1917,2067,144,"1,923","2,067"
"1051","KY","Gallatin County, KY",164,3945,4109,165,3906,4071,184,3854,4038,190,"3,713","3,903"
"1052","KY","Garrard County, KY",358,7352,7710,343,7328,7671,374,7283,7657,368,"7,156","7,524"
"1053","KY","Grant County, KY",488,11307,11795,504,11207,11711,569,11037,11606,555,"10,792","11,347"
"1054","KY","Graves County, KY",727,15122,15849,775,14704,15479,942,14741,15683,958,"14,348","15,306"
"1055","KY","Grayson County, KY",552,10477,11029,538,10430,10968,667,10228,10895,726,"10,002","10,728"
"1056","KY","Green County, KY",224,4901,5125,216,4868,5084,240,4909,5149,227,"4,773","5,000"
"1057","KY","Greenup County, KY",884,12560,13444,887,12561,13448,1050,12550,13600,1210,"12,681","13,891"
"1058","KY","Hancock County, KY",153,3841,3994,169,3828,3997,208,3896,4104,218,"3,821","4,039"
"1059","KY","Hardin County, KY",2025,47280,49305,2004,46960,48964,2243,46498,48741,2156,"45,627","47,783"
"1060","KY","Harlan County, KY",645,6072,6717,480,6069,6549,648,5833,6481,893,"5,854","6,747"
"1061","KY","Harrison County, KY",379,8457,8836,358,8298,8656,403,8283,8686,403,"8,089","8,492"
"1062","KY","Hart County, KY",378,7582,7960,322,7732,8054,361,7738,8099,376,"7,525","7,901"
"1063","KY","Henderson County, KY",846,21270,22116,845,21166,22011,1004,20967,21971,1033,"20,567","21,600"
"1064","KY","Henry County, KY",303,7970,8273,316,7915,8231,335,7798,8133,328,"7,597","7,925"
"1065","KY","Hickman County, KY",86,1690,1776,102,1693,1795,137,1683,1820,116,"1,805","1,921"
"1066","KY","Hopkins County, KY",848,17714,18562,849,17561,18410,975,18499,19474,1129,"18,506","19,635"
"1067","KY","Jackson County, KY",267,3865,4132,287,3809,4096,348,3755,4103,332,"3,836","4,168"
"1068","KY","Jefferson County, KY",16145,386373,402518,16217,384240,400457,17545,378941,396486,17165,"369,452","386,617"
"1069","KY","Jessamine County, KY",971,25695,26666,965,25510,26475,1006,25415,26421,1010,"24,644","25,654"
"1070","KY","Johnson County, KY",447,6324,6771,461,6308,6769,599,6323,6922,727,"6,288","7,015"
"1071","KY","Kenton County, KY",3137,85189,88326,3015,84408,87423,3454,83143,86597,3503,"81,200","84,703"
"1072","KY","Knott County, KY",310,4189,4499,301,4110,4411,385,4120,4505,531,"4,030","4,561"
"1073","KY","Knox County, KY",595,9351,9946,631,9381,10012,768,9297,10065,796,"9,103","9,899"
"1074","KY","Larue County, KY",271,5737,6008,267,5714,5981,286,5733,6019,274,"5,624","5,898"
"1075","KY","Laurel County, KY",1209,23483,24692,1271,23561,24832,1454,23211,24665,1492,"22,421","23,913"
"1076","KY","Lawrence County, KY",367,4833,5200,367,4704,5071,456,4550,5006,554,"4,491","5,045"
"1077","KY","Lee County, KY",117,1947,2064,134,1952,2086,162,1735,1897,187,"1,712","1,899"
"1078","KY","Leslie County, KY",223,2481,2704,186,2437,2623,277,2459,2736,379,"2,413","2,792"
"1079","KY","Letcher County, KY",471,5862,6333,402,5855,6257,592,5706,6298,802,"5,627","6,429"
"1080","KY","Lewis County, KY",413,4241,4654,393,4314,4707,437,4270,4707,470,"4,275","4,745"
"1081","KY","Lincoln County, KY",472,8877,9349,472,8884,9356,533,8842,9375,561,"8,588","9,149"
"1082","KY","Livingston County, KY",210,3459,3669,249,3422,3671,285,3473,3758,267,"3,420","3,687"
"1083","KY","Logan County, KY",509,12112,12621,481,11947,12428,537,11625,12162,520,"11,211","11,731"
"1084","KY","Lyon County, KY",146,2973,3119,154,2899,3053,175,2818,2993,175,"2,785","2,960"
"1085","KY","McCracken County, KY",1439,27819,29258,1634,27572,29206,1806,27864,29670,1684,"27,318","29,002"
"1086","KY","McCreary County, KY",284,4418,4702,292,4345,4637,325,4368,4693,374,"4,229","4,603"
"1087","KY","McLean County, KY",187,4046,4233,211,4026,4237,231,4070,4301,210,"4,121","4,331"
"1088","KY","Madison County, KY",1832,45743,47575,1815,45118,46933,1987,44181,46168,1899,"43,198","45,097"
"1089","KY","Magoffin County, KY",346,2790,3136,377,2556,2933,489,2505,2994,626,"2,522","3,148"
"1090","KY","Marion County, KY",376,9368,9744,362,9282,9644,396,9065,9461,401,"8,999","9,400"
"1091","KY","Marshall County, KY",705,14433,15138,796,14175,14971,899,14139,15038,871,"14,039","14,910"
"1092","KY","Martin County, KY",190,2582,2772,179,2620,2799,236,2840,3076,320,"2,765","3,085"
"1093","KY","Mason County, KY",411,6723,7134,399,6788,7187,453,6772,7225,459,"6,679","7,138"
"1094","KY","Meade County, KY",570,11775,12345,573,11687,12260,634,11600,12234,627,"11,461","12,088"
"1095","KY","Menifee County, KY",161,2165,2326,177,2143,2320,207,2161,2368,208,"2,185","2,393"
"1096","KY","Mercer County, KY",468,9602,10070,440,9471,9911,493,9485,9978,482,"9,406","9,888"
"1097","KY","Metcalfe County, KY",197,3909,4106,173,3947,4120,172,4008,4180,190,"3,929","4,119"
"1098","KY","Monroe County, KY",184,4516,4700,196,4504,4700,186,4541,4727,195,"4,405","4,600"
"1099","KY","Montgomery County, KY",621,11084,11705,696,10984,11680,780,10954,11734,768,"11,086","11,854"
"1100","KY","Morgan County, KY",246,4342,4588,285,4194,4479,335,4175,4510,362,"4,124","4,486"
"1101","KY","Muhlenberg County, KY",651,9890,10541,709,9848,10557,783,10465,11248,837,"10,526","11,363"
"1102","KY","Nelson County, KY",1059,22217,23276,984,21742,22726,988,21292,22280,994,"20,704","21,698"
"1103","KY","Nicholas County, KY",146,3149,3295,152,3134,3286,186,3129,3315,187,"3,032","3,219"
"1104","KY","Ohio County, KY",501,9326,9827,564,9314,9878,624,9166,9790,642,"8,882","9,524"
"1105","KY","Oldham County, KY",1098,32403,33501,1093,32218,33311,1158,31761,32919,1091,"30,822","31,913"
"1106","KY","Owen County, KY",236,4902,5138,258,4954,5212,241,5210,5451,238,"5,250","5,488"
"1107","KY","Owsley County, KY",80,1055,1135,84,1055,1139,92,1008,1100,111,"1,011","1,122"
"1108","KY","Pendleton County, KY",267,6754,7021,289,6702,6991,331,6654,6985,331,"6,518","6,849"
"1109","KY","Perry County, KY",502,7792,8294,513,7654,8167,701,7706,8407,933,"7,624","8,557"
"1110","KY","Pike County, KY",1158,18819,19977,1174,18827,20001,1587,18777,20364,2216,"18,029","20,245"
"1111","KY","Powell County, KY",271,4775,5046,299,4723,5022,336,4692,5028,358,"4,601","4,959"
"1112","KY","Pulaski County, KY",1252,25493,26745,1309,24726,26035,1435,23957,25392,1393,"23,989","25,382"
"1113","KY","Robertson County, KY",44,775,819,39,763,802,51,767,818,50,"755","805"
"1114","KY","Rockcastle County, KY",321,6397,6718,331,6310,6641,387,6239,6626,411,"6,272","6,683"
"1115","KY","Rowan County, KY",552,9904,10456,547,9990,10537,621,10036,10657,632,"9,942","10,574"
"1116","KY","Russell County, KY",357,5894,6251,364,5920,6284,449,5811,6260,519,"5,619","6,138"
"1117","KY","Scott County, KY",1025,28256,29281,961,28006,28967,1058,27653,28711,1070,"26,908","27,978"
"1118","KY","Shelby County, KY",876,24781,25657,880,24614,25494,894,23808,24702,855,"22,942","23,797"
"1119","KY","Simpson County, KY",405,8538,8943,350,8511,8861,400,8331,8731,378,"8,011","8,389"
"1120","KY","Spencer County, KY",365,9903,10268,369,9850,10219,383,9565,9948,370,"9,281","9,651"
"1121","KY","Taylor County, KY",545,12212,12757,529,12029,12558,565,12306,12871,608,"11,607","12,215"
"1122","KY","Todd County, KY",215,5232,5447,212,5091,5303,225,5101,5326,238,"5,064","5,302"
"1123","KY","Trigg County, KY",283,5741,6024,286,5627,5913,340,5605,5945,328,"5,490","5,818"
"1124","KY","Trimble County, KY",170,3732,3902,165,3707,3872,195,3689,3884,210,"3,658","3,868"
"1125","KY","Union County, KY",276,5863,6139,298,5716,6014,368,5737,6105,422,"5,742","6,164"
"1126","KY","Warren County, KY",2544,62844,65388,2386,62234,64620,2607,61403,64010,2440,"59,522","61,962"
"1127","KY","Washington County, KY",245,6022,6267,225,5918,6143,260,5919,6179,263,"5,817","6,080"
"1128","KY","Wayne County, KY",432,7033,7465,528,7058,7586,578,6833,7411,562,"6,700","7,262"
"1129","KY","Webster County, KY",234,5556,5790,244,5538,5782,304,5504,5808,353,"5,479","5,832"
"1130","KY","Whitley County, KY",708,13029,13737,693,13059,13752,798,12966,13764,887,"12,463","13,350"
"1131","KY","Wolfe County, KY",140,1828,1968,146,1757,1903,177,1750,1927,196,"1,723","1,919"
"1132","KY","Woodford County, KY",468,14481,14949,458,14309,14767,489,14474,14963,477,"14,276","14,753"
"1133","LA","Louisiana",101167,1994285,2095452,102502,2001995,2104497,107784,1995433,2103217,128731,"1,992,249","2,120,980"
"1134","LA","Acadia Parish, LA",1269,22572,23841,1283,22614,23897,1418,22590,24008,1811,"22,697","24,508"
"1135","LA","Allen Parish, LA",499,8312,8811,496,8265,8761,472,8494,8966,572,"8,327","8,899"
"1136","LA","Ascension Parish, LA",2635,61318,63953,2633,61565,64198,2677,60050,62727,3033,"58,949","61,982"
"1137","LA","Assumption Parish, LA",542,8335,8877,595,8365,8960,656,8276,8932,773,"8,433","9,206"
"1138","LA","Avoyelles Parish, LA",883,14226,15109,869,14434,15303,956,14644,15600,1108,"14,574","15,682"
"1139","LA","Beauregard Parish, LA",757,13849,14606,774,13800,14574,783,13871,14654,912,"14,151","15,063"
"1140","LA","Bienville Parish, LA",326,5190,5516,328,5309,5637,337,5291,5628,431,"5,233","5,664"
"1141","LA","Bossier Parish, LA",2475,55129,57604,2466,55487,57953,2567,55002,57569,3063,"54,516","57,579"
"1142","LA","Caddo Parish, LA",5546,97859,103405,5720,98488,104208,6063,98703,104766,7080,"99,951","107,031"
"1143","LA","Calcasieu Parish, LA",4338,101802,106140,4201,105554,109755,4290,104053,108343,4915,"97,954","102,869"
"1144","LA","Caldwell Parish, LA",229,3544,3773,220,3612,3832,220,3635,3855,304,"3,678","3,982"
"1145","LA","Cameron Parish, LA",148,3789,3937,144,3929,4073,144,3858,4002,167,"3,650","3,817"
"1146","LA","Catahoula Parish, LA",217,3162,3379,226,3131,3357,242,3189,3431,318,"3,105","3,423"
"1147","LA","Claiborne Parish, LA",331,5506,5837,301,5505,5806,313,5540,5853,397,"5,553","5,950"
"1148","LA","Concordia Parish, LA",453,6566,7019,486,6513,6999,561,6586,7147,599,"6,651","7,250"
"1149","LA","De Soto Parish, LA",652,10201,10853,622,10269,10891,653,10120,10773,800,"10,088","10,888"
"1150","LA","East Baton Rouge Parish, LA",10156,220337,230493,9986,221219,231205,10169,221405,231574,11964,"220,144","232,108"
"1151","LA","East Carroll Parish, LA",200,1688,1888,200,1752,1952,228,1825,2053,248,"1,891","2,139"
"1152","LA","East Feliciana Parish, LA",367,7606,7973,371,7635,8006,382,7589,7971,467,"7,635","8,102"
"1153","LA","Evangeline Parish, LA",703,11186,11889,692,11397,12089,740,11789,12529,939,"11,731","12,670"
"1154","LA","Franklin Parish, LA",529,6834,7363,520,6748,7268,545,6755,7300,660,"6,619","7,279"
"1155","LA","Grant Parish, LA",475,7696,8171,476,7729,8205,515,7662,8177,582,"7,743","8,325"
"1156","LA","Iberia Parish, LA",1525,26574,28099,1658,26612,28270,2112,26803,28915,2828,"27,282","30,110"
"1157","LA","Iberville Parish, LA",833,13207,14040,874,13264,14138,871,13272,14143,967,"13,141","14,108"
"1158","LA","Jackson Parish, LA",322,6480,6802,318,6556,6874,316,6662,6978,395,"6,688","7,083"
"1159","LA","Jefferson Parish, LA",8929,204775,213704,9344,203937,213281,9732,205071,214803,11427,"205,046","216,473"
"1160","LA","Jefferson Davis Parish, LA",624,12607,13231,639,12860,13499,663,12946,13609,817,"12,757","13,574"
"1161","LA","Lafayette Parish, LA",4922,108685,113607,5078,108850,113928,5520,107484,113004,7015,"107,328","114,343"
"1162","LA","Lafourche Parish, LA",1884,40124,42008,1978,40098,42076,2177,39713,41890,2721,"40,569","43,290"
"1163","LA","LaSalle Parish, LA",286,6429,6715,276,6073,6349,288,5849,6137,415,"5,855","6,270"
"1164","LA","Lincoln Parish, LA",1179,20780,21959,1135,20844,21979,1114,20428,21542,1333,"20,129","21,462"
"1165","LA","Livingston Parish, LA",2801,65912,68713,2775,66166,68941,2853,64801,67654,3477,"65,194","68,671"
"1166","LA","Madison Parish, LA",283,3232,3515,299,3310,3609,306,3470,3776,344,"3,491","3,835"
"1167","LA","Morehouse Parish, LA",833,9166,9999,830,9326,10156,825,9526,10351,1030,"9,591","10,621"
"1168","LA","Natchitoches Parish, LA",987,15356,16343,957,15463,16420,976,15351,16327,1124,"15,587","16,711"
"1169","LA","Orleans Parish, LA",8713,170121,178834,8939,169410,178349,9179,169295,178474,10554,"169,401","179,955"
"1170","LA","Ouachita Parish, LA",3736,66346,70082,3639,67193,70832,3708,66848,70556,4352,"67,199","71,551"
"1171","LA","Plaquemines Parish, LA",433,9620,10053,466,9585,10051,466,9536,10002,545,"9,639","10,184"
"1172","LA","Pointe Coupee Parish, LA",528,9339,9867,532,9374,9906,558,9431,9989,646,"9,314","9,960"
"1173","LA","Rapides Parish, LA",2804,52258,55062,2921,52500,55421,3144,52885,56029,3531,"53,741","57,272"
"1174","LA","Red River Parish, LA",192,3553,3745,180,3867,4047,200,3655,3855,229,"3,579","3,808"
"1175","LA","Richland Parish, LA",518,7704,8222,517,7793,8310,509,7798,8307,627,"7,818","8,445"
"1176","LA","Sabine Parish, LA",467,8705,9172,466,8562,9028,485,8334,8819,632,"8,505","9,137"
"1177","LA","St. Bernard Parish, LA",969,18885,19854,989,18806,19795,1021,18477,19498,1189,"18,357","19,546"
"1178","LA","St. Charles Parish, LA",1085,24049,25134,1092,23952,25044,1120,23760,24880,1344,"23,975","25,319"
"1179","LA","St. Helena Parish, LA",260,4013,4273,282,4028,4310,286,4026,4312,336,"4,054","4,390"
"1180","LA","St. James Parish, LA",554,8675,9229,573,8642,9215,623,8749,9372,718,"8,888","9,606"
"1181","LA","St. John the Baptist Parish, LA",1102,18545,19647,1113,18471,19584,1210,18487,19697,1371,"18,683","20,054"
"1182","LA","St. Landry Parish, LA",2000,29891,31891,1989,29929,31918,2137,29894,32031,2649,"30,158","32,807"
"1183","LA","St. Martin Parish, LA",1133,21056,22189,1167,21100,22267,1367,21148,22515,1780,"21,183","22,963"
"1184","LA","St. Mary Parish, LA",1173,18643,19816,1309,18747,20056,1600,18745,20345,2059,"19,880","21,939"
"1185","LA","St. Tammany Parish, LA",4965,114335,119300,4964,113852,118816,5018,112291,117309,5840,"111,641","117,481"
"1186","LA","Tangipahoa Parish, LA",3007,51437,54444,2997,51501,54498,3122,51638,54760,3652,"50,506","54,158"
"1187","LA","Tensas Parish, LA",116,1282,1398,111,1333,1444,131,1419,1550,159,"1,467","1,626"
"1188","LA","Terrebonne Parish, LA",2145,44140,46285,2317,44121,46438,2656,44045,46701,3410,"45,538","48,948"
"1189","LA","Union Parish, LA",528,8570,9098,516,8678,9194,510,8681,9191,606,"8,636","9,242"
"1190","LA","Vermilion Parish, LA",1217,22870,24087,1283,22897,24180,1450,22750,24200,1880,"22,821","24,701"
"1191","LA","Vernon Parish, LA",977,14906,15883,1032,14887,15919,1064,15290,16354,1226,"15,702","16,928"
"1192","LA","Washington Parish, LA",990,15713,16703,968,15849,16817,976,15934,16910,1189,"15,754","16,943"
"1193","LA","Webster Parish, LA",884,13609,14493,889,13698,14587,1011,13736,14747,1296,"13,902","15,198"
"1194","LA","West Baton Rouge Parish, LA",619,13029,13648,603,13081,13684,618,12856,13474,705,"12,534","13,239"
"1195","LA","West Carroll Parish, LA",387,3243,3630,358,3641,3999,391,3604,3995,491,"3,613","4,104"
"1196","LA","West Feliciana Parish, LA",220,5158,5378,209,5178,5387,222,5101,5323,276,"5,052","5,328"
"1197","LA","Winn Parish, LA",309,4558,4867,306,4644,4950,325,4722,5047,402,"4,783","5,185"
"1198","ME","Maine",20980,671759,692739,22529,673150,695679,23545,674003,697548,26145,"664,838","690,983"
"1199","ME","Androscoggin County, ME",1631,53594,55225,1750,53489,55239,1779,53719,55498,1979,"53,266","55,245"
"1200","ME","Aroostook County, ME",1391,28814,30205,1430,29437,30867,1550,29946,31496,1705,"29,714","31,419"
"1201","ME","Cumberland County, ME",3920,160912,164832,4248,160364,164612,4301,160092,164393,4701,"156,997","161,698"
"1202","ME","Franklin County, ME",548,13693,14241,554,13829,14383,598,13832,14430,644,"13,779","14,423"
"1203","ME","Hancock County, ME",1025,28064,29089,1074,28300,29374,1150,28147,29297,1312,"27,817","29,129"
"1204","ME","Kennebec County, ME",1823,60100,61923,1944,60236,62180,2078,60575,62653,2262,"59,932","62,194"
"1205","ME","Knox County, ME",589,19605,20194,633,19942,20575,668,20038,20706,727,"19,948","20,675"
"1206","ME","Lincoln County, ME",499,16290,16789,545,16388,16933,564,16470,17034,628,"16,358","16,986"
"1207","ME","Oxford County, ME",952,25381,26333,1016,25601,26617,1038,25770,26808,1225,"25,297","26,522"
"1208","ME","Penobscot County, ME",2497,74339,76836,2767,73830,76597,2943,73943,76886,3325,"73,529","76,854"
"1209","ME","Piscataquis County, ME",271,7003,7274,297,7143,7440,307,7187,7494,370,"7,092","7,462"
"1210","ME","Sagadahoc County, ME",446,18975,19421,508,18972,19480,535,18844,19379,568,"18,592","19,160"
"1211","ME","Somerset County, ME",1001,21428,22429,1053,21679,22732,1147,21906,23053,1316,"22,128","23,444"
"1212","ME","Waldo County, ME",660,19953,20613,718,20405,21123,781,20364,21145,872,"19,955","20,827"
"1213","ME","Washington County, ME",635,13053,13688,659,13191,13850,709,13330,14039,774,"13,211","13,985"
"1214","ME","York County, ME",3090,110554,113644,3334,110344,113678,3398,109842,113240,3739,"107,223","110,962"
"1215","MD","Maryland",116700,3143967,3260667,127034,3094569,3221603,135695,3068886,3204581,140961,"3,025,243","3,166,204"
"1216","MD","Allegany County, MD",1679,30812,32491,1778,30406,32184,1901,30384,32285,2032,"30,460","32,492"
"1217","MD","Anne Arundel County, MD",9712,308068,317780,10502,303453,313955,11238,298524,309762,11632,"292,511","304,143"
"1218","MD","Baltimore County, MD",16917,440638,457555,18401,433980,452381,19963,431131,451094,20823,"425,357","446,180"
"1219","MD","Calvert County, MD",1596,48888,50484,1770,48075,49845,1828,47580,49408,1898,"46,998","48,896"
"1220","MD","Caroline County, MD",658,17612,18270,700,17572,18272,786,17210,17996,849,"16,855","17,704"
"1221","MD","Carroll County, MD",2821,93645,96466,3103,92453,95556,3254,91030,94284,3404,"89,884","93,288"
"1222","MD","Cecil County, MD",2130,51323,53453,2355,50629,52984,2592,50350,52942,2768,"49,984","52,752"
"1223","MD","Charles County, MD",3194,84908,88102,3357,83484,86841,3488,82251,85739,3582,"80,496","84,078"
"1224","MD","Dorchester County, MD",746,14938,15684,811,14776,15587,914,14754,15668,993,"14,933","15,926"
"1225","MD","Frederick County, MD",4308,131453,135761,4696,129307,134003,4886,126096,130982,5051,"123,872","128,923"
"1226","MD","Garrett County, MD",700,15075,15775,745,14852,15597,824,14697,15521,885,"14,657","15,542"
"1227","MD","Harford County, MD",4750,137331,142081,5098,135326,140424,5495,132941,138436,5788,"130,843","136,631"
"1228","MD","Howard County, MD",5191,183944,189135,5629,181148,186777,5863,177894,183757,5946,"173,675","179,621"
"1229","MD","Kent County, MD",409,9796,10205,450,9904,10354,466,9777,10243,501,"9,764","10,265"
"1230","MD","Montgomery County, MD",16556,549310,565866,17715,539485,557200,18730,535516,554246,18926,"527,278","546,204"
"1231","MD","Prince George's County, MD",19288,494665,513953,20795,486413,507208,21678,486103,507781,22389,"479,096","501,485"
"1232","MD","Queen Anne's County, MD",869,27210,28079,934,26953,27887,1023,26367,27390,1046,"25,601","26,647"
"1233","MD","St. Mary's County, MD",1903,55506,57409,2136,53762,55898,2242,52904,55146,2340,"52,562","54,902"
"1234","MD","Somerset County, MD",563,8689,9252,649,8597,9246,651,8649,9300,674,"8,586","9,260"
"1235","MD","Talbot County, MD",662,18665,19327,740,18999,19739,798,18926,19724,824,"18,755","19,579"
"1236","MD","Washington County, MD",2912,72347,75259,3303,71573,74876,3582,71778,75360,3889,"71,680","75,569"
"1237","MD","Wicomico County, MD",2397,49327,51724,2719,48302,51021,2975,47945,50920,3160,"47,402","50,562"
"1238","MD","Worcester County, MD",1906,23908,25814,2082,23450,25532,2228,23245,25473,2356,"22,935","25,291"
"1239","MD","Baltimore city, MD",14832,275911,290743,16566,271672,288238,18293,272834,291127,19204,"271,061","290,265"
"1240","MA","Massachusetts",110881,3706556,3817437,127203,3658286,3785489,138178,3551388,3689566,139977,"3,477,553","3,617,530"
"1241","MA","Barnstable County, MA",4448,110989,115437,4965,110350,115315,5301,107842,113143,5473,"106,122","111,595"
"1242","MA","Berkshire County, MA",2285,63035,65320,2670,62661,65331,2866,61939,64805,2899,"61,454","64,353"
"1243","MA","Bristol County, MA",11327,292890,304217,12960,289824,302784,14121,282014,296135,14283,"276,376","290,659"
"1244","MA","Dukes County, MA",395,9255,9650,448,9269,9717,468,9076,9544,483,"8,866","9,349"
"1245","MA","Essex County, MA",12779,417092,429871,14739,412710,427449,15952,401927,417879,16331,"394,209","410,540"
"1246","MA","Franklin County, MA",1111,40207,41318,1250,39868,41118,1355,38925,40280,1385,"38,150","39,535"
"1247","MA","Hampden County, MA",9423,220767,230190,10655,219067,229722,11482,213721,225203,11653,"210,339","221,992"
"1248","MA","Hampshire County, MA",2458,88479,90937,2758,87804,90562,3086,85984,89070,3192,"84,846","88,038"
"1249","MA","Middlesex County, MA",21488,907777,929265,25023,893485,918508,27466,865126,892592,27645,"846,042","873,687"
"1250","MA","Nantucket County/town, MA",319,7342,7661,333,7205,7538,321,6874,7195,313,"6,734","7,047"
"1251","MA","Norfolk County, MA",10001,385482,395483,11678,378881,390559,12678,366819,379497,12571,"360,049","372,620"
"1252","MA","Plymouth County, MA",8675,277913,286588,9971,273402,283373,10851,264740,275591,11015,"259,853","270,868"
"1253","MA","Suffolk County, MA",12032,449136,461168,13767,441272,455039,15033,425335,440368,15110,"412,113","427,223"
"1254","MA","Worcester County, MA",14139,436193,450332,15987,432490,448477,17200,421065,438265,17628,"412,400","430,028"
"1255","MI","Michigan",201440,4735826,4937266,203354,4705360,4908714,225387,4658713,4884100,241189,"4,605,820","4,847,009"
"1256","MI","Alcona County, MI",244,3635,3879,250,3557,3807,272,3561,3833,293,"3,534","3,827"
"1257","MI","Alger County, MI",249,2949,3198,254,2954,3208,271,3014,3285,269,"2,994","3,263"
"1258","MI","Allegan County, MI",1950,60325,62275,2037,59880,61917,2286,58838,61124,2385,"58,880","61,265"
"1259","MI","Alpena County, MI",628,12638,13266,684,12649,13333,772,12819,13591,812,"12,834","13,646"
"1260","MI","Antrim County, MI",530,9791,10321,570,9483,10053,656,9401,10057,711,"9,354","10,065"
"1261","MI","Arenac County, MI",399,5663,6062,423,5540,5963,482,5531,6013,507,"5,612","6,119"
"1262","MI","Baraga County, MI",204,3015,3219,193,2962,3155,244,2929,3173,265,"2,954","3,219"
"1263","MI","Barry County, MI",1027,30638,31665,1080,30547,31627,1219,30014,31233,1230,"29,508","30,738"
"1264","MI","Bay County, MI",2334,47704,50038,2417,47907,50324,2779,48066,50845,2832,"49,042","51,874"
"1265","MI","Benzie County, MI",450,8432,8882,486,8292,8778,570,8259,8829,581,"8,254","8,835"
"1266","MI","Berrien County, MI",2971,70483,73454,3163,70071,73234,3547,70391,73938,3661,"70,115","73,776"
"1267","MI","Branch County, MI",756,18600,19356,720,18594,19314,875,18333,19208,920,"18,177","19,097"
"1268","MI","Calhoun County, MI",2559,59943,62502,2659,60362,63021,3091,60757,63848,3095,"61,295","64,390"
"1269","MI","Cass County, MI",1049,23442,24491,997,23430,24427,1102,23150,24252,1140,"23,194","24,334"
"1270","MI","Charlevoix County, MI",598,12315,12913,627,12471,13098,722,12329,13051,723,"12,330","13,053"
"1271","MI","Cheboygan County, MI",920,9627,10547,984,9711,10695,1071,9718,10789,1018,"9,795","10,813"
"1272","MI","Chippewa County, MI",1009,15022,16031,1080,15142,16222,1241,15084,16325,1257,"15,126","16,383"
"1273","MI","Clare County, MI",718,11010,11728,723,11077,11800,825,11113,11938,874,"11,077","11,951"
"1274","MI","Clinton County, MI",1233,39916,41149,1311,39769,41080,1472,39428,40900,1495,"38,993","40,488"
"1275","MI","Crawford County, MI",314,5285,5599,332,5202,5534,372,5035,5407,406,"4,959","5,365"
"1276","MI","Delta County, MI",899,16282,17181,907,16109,17016,1060,15960,17020,1122,"15,992","17,114"
"1277","MI","Dickinson County, MI",520,11777,12297,479,12038,12517,586,11941,12527,649,"11,852","12,501"
"1278","MI","Eaton County, MI",1956,55295,57251,1997,55166,57163,2320,54842,57162,2345,"54,530","56,875"
"1279","MI","Emmet County, MI",956,16816,17772,1042,16636,17678,1138,16479,17617,1146,"16,446","17,592"
"1280","MI","Genesee County, MI",9011,173888,182899,8940,173338,182278,10173,171986,182159,10306,"172,185","182,491"
"1281","MI","Gladwin County, MI",568,9350,9918,560,9341,9901,638,9234,9872,690,"9,193","9,883"
"1282","MI","Gogebic County, MI",316,5714,6030,314,5876,6190,373,5931,6304,388,"5,945","6,333"
"1283","MI","Grand Traverse County, MI",1715,48097,49812,1824,47325,49149,2048,47194,49242,2118,"47,247","49,365"
"1284","MI","Gratiot County, MI",789,17209,17998,829,16955,17784,959,16859,17818,940,"17,222","18,162"
"1285","MI","Hillsdale County, MI",854,19592,20446,830,19727,20557,1015,19872,20887,1071,"20,098","21,169"
"1286","MI","Houghton County, MI",795,15388,16183,826,15322,16148,967,15470,16437,1014,"15,545","16,559"
"1287","MI","Huron County, MI",678,14723,15401,718,14722,15440,797,14784,15581,827,"15,165","15,992"
"1288","MI","Ingham County, MI",5318,145943,151261,5505,145594,151099,6406,144547,150953,6385,"142,487","148,872"
"1289","MI","Ionia County, MI",1028,29252,30280,1034,28868,29902,1165,28615,29780,1251,"28,395","29,646"
"1290","MI","Iosco County, MI",610,9610,10220,642,9423,10065,738,9376,10114,736,"9,370","10,106"
"1291","MI","Iron County, MI",284,4878,5162,287,4844,5131,327,4828,5155,338,"4,878","5,216"
"1292","MI","Isabella County, MI",1336,33405,34741,1352,33489,34841,1559,33550,35109,1660,"33,681","35,341"
"1293","MI","Jackson County, MI",2790,71335,74125,2936,71501,74437,3389,70836,74225,3602,"70,781","74,383"
"1294","MI","Kalamazoo County, MI",4402,129316,133718,4582,128995,133577,5269,127306,132575,5345,"126,621","131,966"
"1295","MI","Kalkaska County, MI",448,7487,7935,461,7364,7825,540,7329,7869,554,"7,163","7,717"
"1296","MI","Kent County, MI",10389,349535,359924,10760,348807,359567,12147,342863,355010,12324,"337,914","350,238"
"1297","MI","Keweenaw County, MI",61,823,884,62,819,881,78,821,899,81,"860","941"
"1298","MI","Lake County, MI",237,3472,3709,248,3383,3631,301,3419,3720,281,"3,470","3,751"
"1299","MI","Lapeer County, MI",2244,39273,41517,2124,38861,40985,2274,38687,40961,2621,"38,137","40,758"
"1300","MI","Leelanau County, MI",392,10139,10531,445,9965,10410,499,9984,10483,514,"10,057","10,571"
"1301","MI","Lenawee County, MI",1791,44663,46454,1912,44895,46807,2195,44858,47053,2173,"45,161","47,334"
"1302","MI","Livingston County, MI",3452,100768,104220,3381,99794,103175,3480,98273,101753,4092,"96,031","100,123"
"1303","MI","Luce County, MI",143,2172,2315,149,2228,2377,163,2246,2409,162,"2,239","2,401"
"1304","MI","Mackinac County, MI",479,4656,5135,493,4701,5194,521,4667,5188,513,"4,675","5,188"
"1305","MI","Macomb County, MI",19124,432001,451125,17975,427957,445932,19595,423189,442784,22735,"413,581","436,316"
"1306","MI","Manistee County, MI",571,9873,10444,601,9734,10335,671,9732,10403,690,"9,840","10,530"
"1307","MI","Marquette County, MI",1568,30975,32543,1592,30880,32472,1815,31032,32847,1901,"31,408","33,309"
"1308","MI","Mason County, MI",670,12996,13666,674,13091,13765,797,13211,14008,831,"13,440","14,271"
"1309","MI","Mecosta County, MI",857,17390,18247,925,17537,18462,1063,17703,18766,1074,"18,024","19,098"
"1310","MI","Menominee County, MI",442,10612,11054,444,10539,10983,528,10454,10982,581,"10,666","11,247"
"1311","MI","Midland County, MI",1499,38826,40325,1619,39033,40652,1859,38616,40475,1933,"39,079","41,012"
"1312","MI","Missaukee County, MI",332,6629,6961,352,6516,6868,401,6507,6908,418,"6,605","7,023"
"1313","MI","Monroe County, MI",2939,72541,75480,3189,72709,75898,3570,72370,75940,3299,"73,088","76,387"
"1314","MI","Montcalm County, MI",1154,27196,28350,1208,27099,28307,1390,26722,28112,1479,"26,432","27,911"
"1315","MI","Montmorency County, MI",250,2748,2998,264,2750,3014,316,2737,3053,311,"2,748","3,059"
"1316","MI","Muskegon County, MI",3289,73860,77149,3569,74390,77959,4100,73660,77760,4227,"73,194","77,421"
"1317","MI","Newaygo County, MI",987,22413,23400,1016,22152,23168,1137,22113,23250,1141,"22,181","23,322"
"1318","MI","Oakland County, MI",23220,657035,680255,22479,650941,673420,23623,641783,665406,27110,"626,554","653,664"
"1319","MI","Oceana County, MI",717,11403,12120,750,11271,12021,857,11342,12199,903,"11,415","12,318"
"1320","MI","Ogemaw County, MI",536,7494,8030,568,7633,8201,621,7543,8164,642,"7,592","8,234"
"1321","MI","Ontonagon County, MI",143,1947,2090,164,1931,2095,189,1974,2163,188,"2,014","2,202"
"1322","MI","Osceola County, MI",453,10749,11202,484,10398,10882,628,9983,10611,595,"9,834","10,429"
"1323","MI","Oscoda County, MI",209,2836,3045,190,2757,2947,212,2696,2908,213,"2,693","2,906"
"1324","MI","Otsego County, MI",576,11062,11638,611,10978,11589,692,10947,11639,696,"10,988","11,684"
"1325","MI","Ottawa County, MI",4438,156664,161102,4555,156190,160745,5126,152735,157861,5234,"150,104","155,338"
"1326","MI","Presque Isle County, MI",375,4576,4951,403,4633,5036,475,4688,5163,506,"4,780","5,286"
"1327","MI","Roscommon County, MI",581,7145,7726,612,7232,7844,685,7140,7825,666,"7,200","7,866"
"1328","MI","Saginaw County, MI",4133,82533,86666,4142,82926,87068,4680,82954,87634,4724,"83,845","88,569"
"1329","MI","St. Clair County, MI",3734,72546,76280,3582,71837,75419,3868,71343,75211,4553,"70,209","74,762"
"1330","MI","St. Joseph County, MI",1193,26783,27976,1057,27232,28289,1196,27484,28680,1201,"27,913","29,114"
"1331","MI","Sanilac County, MI",925,18565,19490,993,18216,19209,1123,18149,19272,1208,"18,199","19,407"
"1332","MI","Schoolcraft County, MI",233,3093,3326,241,3123,3364,277,3078,3355,309,"3,079","3,388"
"1333","MI","Shiawassee County, MI",1426,32070,33496,1433,31798,33231,1701,31670,33371,1763,"31,714","33,477"
"1334","MI","Tuscola County, MI",1218,22635,23853,1301,22457,23758,1473,22452,23925,1523,"22,694","24,217"
"1335","MI","Van Buren County, MI",1608,33559,35167,1722,33345,35067,1987,33249,35236,2039,"33,415","35,454"
"1336","MI","Washtenaw County, MI",5726,192472,198198,6003,189923,195926,6763,187194,193957,7003,"184,440","191,443"
"1337","MI","Wayne County, MI",41048,767123,808171,41318,756452,797770,44163,747804,791967,48909,"731,656","780,565"
"1338","MI","Wexford County, MI",669,14185,14854,691,14019,14710,816,13936,14752,862,"13,832","14,694"
"1339","MN","Minnesota",100492,3009156,3109648,90280,2981153,3071433,103918,2953440,3057358,117057,"2,918,185","3,035,242"
"1340","MN","Aitkin County, MN",450,6818,7268,406,6780,7186,440,6734,7174,494,"6,558","7,052"
"1341","MN","Anoka County, MN",6115,193301,199416,5498,191195,196693,6422,188903,195325,7164,"185,393","192,557"
"1342","MN","Becker County, MN",747,18086,18833,668,17938,18606,762,17802,18564,850,"17,771","18,621"
"1343","MN","Beltrami County, MN",1045,23487,24532,996,23158,24154,1136,22518,23654,1238,"22,519","23,757"
"1344","MN","Benton County, MN",857,21287,22144,768,21071,21839,867,20869,21736,962,"20,888","21,850"
"1345","MN","Big Stone County, MN",105,2402,2507,96,2406,2502,112,2459,2571,130,"2,583","2,713"
"1346","MN","Blue Earth County, MN",1130,39748,40878,1020,39284,40304,1148,38886,40034,1274,"38,480","39,754"
"1347","MN","Brown County, MN",523,13912,14435,491,13986,14477,526,13856,14382,610,"13,960","14,570"
"1348","MN","Carlton County, MN",801,17126,17927,737,17091,17828,826,16866,17692,941,"16,859","17,800"
"1349","MN","Carver County, MN",1629,57473,59102,1443,56844,58287,1650,55780,57430,1861,"54,657","56,518"
"1350","MN","Cass County, MN",799,13668,14467,741,13544,14285,840,13503,14343,966,"13,237","14,203"
"1351","MN","Chippewa County, MN",271,6707,6978,221,6659,6880,270,6655,6925,314,"6,675","6,989"
"1352","MN","Chisago County, MN",1140,29106,30246,1008,28786,29794,1152,28331,29483,1262,"27,983","29,245"
"1353","MN","Clay County, MN",1103,35165,36268,1031,34622,35653,1129,34540,35669,1226,"34,508","35,734"
"1354","MN","Clearwater County, MN",371,4130,4501,366,4100,4466,398,4201,4599,453,"4,278","4,731"
"1355","MN","Cook County, MN",135,2988,3123,106,2940,3046,117,2991,3108,140,"2,964","3,104"
"1356","MN","Cottonwood County, MN",220,5743,5963,208,5596,5804,293,5423,5716,397,"5,154","5,551"
"1357","MN","Crow Wing County, MN",1405,31005,32410,1281,30886,32167,1413,30796,32209,1622,"30,322","31,944"
"1358","MN","Dakota County, MN",7011,236782,243793,6159,234205,240364,7096,230989,238085,7990,"227,902","235,892"
"1359","MN","Dodge County, MN",405,11577,11982,357,11414,11771,389,11313,11702,430,"11,166","11,596"
"1360","MN","Douglas County, MN",668,20466,21134,587,20018,20605,643,19891,20534,706,"19,593","20,299"
"1361","MN","Faribault County, MN",294,6783,7077,243,6746,6989,293,6846,7139,322,"7,024","7,346"
"1362","MN","Fillmore County, MN",385,11279,11664,360,11120,11480,395,11020,11415,464,"11,073","11,537"
"1363","MN","Freeborn County, MN",557,15659,16216,515,15508,16023,580,15567,16147,623,"15,717","16,340"
"1364","MN","Goodhue County, MN",830,26410,27240,743,26038,26781,853,26001,26854,1000,"25,938","26,938"
"1365","MN","Grant County, MN",148,3176,3324,133,3165,3298,133,3149,3282,154,"3,144","3,298"
"1366","MN","Hennepin County, MN",19676,692855,712531,17664,685282,702946,20821,677806,698627,22891,"664,996","687,887"
"1367","MN","Houston County, MN",336,10115,10451,300,10093,10393,354,10104,10458,415,"10,221","10,636"
"1368","MN","Hubbard County, MN",541,9495,10036,496,9379,9875,544,9276,9820,636,"9,191","9,827"
"1369","MN","Isanti County, MN",871,20632,21503,795,20406,21201,890,20108,20998,966,"19,778","20,744"
"1370","MN","Itasca County, MN",1307,20656,21963,1185,20599,21784,1491,20241,21732,1884,"20,214","22,098"
"1371","MN","Jackson County, MN",198,5556,5754,168,5545,5713,206,5551,5757,276,"5,843","6,119"
"1372","MN","Kanabec County, MN",538,8573,9111,494,8449,8943,542,8489,9031,585,"8,436","9,021"
"1373","MN","Kandiyohi County, MN",860,23565,24425,734,23996,24730,797,24041,24838,920,"23,351","24,271"
"1374","MN","Kittson County, MN",87,2299,2386,68,2266,2334,87,2280,2367,110,"2,302","2,412"
"1375","MN","Koochiching County, MN",382,5608,5990,365,5572,5937,417,5553,5970,524,"5,659","6,183"
"1376","MN","Lac qui Parle County, MN",134,3445,3579,129,3391,3520,120,3404,3524,155,"3,476","3,631"
"1377","MN","Lake County, MN",200,5338,5538,174,5303,5477,209,5297,5506,345,"5,090","5,435"
"1378","MN","Lake of the Woods County, MN",102,2370,2472,92,2307,2399,110,2274,2384,115,"2,276","2,391"
"1379","MN","Le Sueur County, MN",731,15576,16307,670,15404,16074,729,15125,15854,761,"14,850","15,611"
"1380","MN","Lincoln County, MN",124,3166,3290,99,3161,3260,106,3252,3358,124,"3,271","3,395"
"1381","MN","Lyon County, MN",468,14163,14631,424,14333,14757,471,14498,14969,541,"14,697","15,238"
"1382","MN","McLeod County, MN",718,18690,19408,616,18905,19521,730,18778,19508,874,"18,969","19,843"
"1383","MN","Mahnomen County, MN",109,2196,2305,108,2215,2323,117,2244,2361,138,"2,259","2,397"
"1384","MN","Marshall County, MN",319,5128,5447,317,5101,5418,374,5100,5474,411,"5,225","5,636"
"1385","MN","Martin County, MN",381,9764,10145,325,9935,10260,353,10058,10411,431,"10,066","10,497"
"1386","MN","Meeker County, MN",519,12907,13426,462,12697,13159,528,12715,13243,596,"12,710","13,306"
"1387","MN","Mille Lacs County, MN",708,12347,13055,625,12212,12837,696,12028,12724,759,"12,006","12,765"
"1388","MN","Morrison County, MN",915,16738,17653,831,16711,17542,927,16736,17663,1003,"16,922","17,925"
"1389","MN","Mower County, MN",621,19842,20463,556,19829,20385,571,19995,20566,651,"19,938","20,589"
"1390","MN","Murray County, MN",209,4668,4877,184,4695,4879,212,4673,4885,235,"4,738","4,973"
"1391","MN","Nicollet County, MN",534,20564,21098,463,20322,20785,514,20106,20620,577,"19,847","20,424"
"1392","MN","Nobles County, MN",339,10950,11289,297,10994,11291,355,10988,11343,433,"11,062","11,495"
"1393","MN","Norman County, MN",157,3127,3284,146,3211,3357,157,3239,3396,165,"3,289","3,454"
"1394","MN","Olmsted County, MN",2278,86958,89236,2034,85721,87755,2301,84431,86732,2543,"82,964","85,507"
"1395","MN","Otter Tail County, MN",1320,30335,31655,1140,30216,31356,1234,30306,31540,1364,"30,036","31,400"
"1396","MN","Pennington County, MN",400,8365,8765,368,8397,8765,491,8304,8795,521,"8,553","9,074"
"1397","MN","Pine County, MN",836,14318,15154,729,14139,14868,842,14141,14983,867,"14,020","14,887"
"1398","MN","Pipestone County, MN",172,4778,4950,144,4787,4931,160,4699,4859,187,"4,731","4,918"
"1399","MN","Polk County, MN",665,16007,16672,620,16076,16696,703,16291,16994,746,"16,459","17,205"
"1400","MN","Pope County, MN",204,6378,6582,169,6242,6411,192,6168,6360,224,"6,100","6,324"
"1401","MN","Ramsey County, MN",8694,283424,292118,7804,280330,288134,9125,277771,286896,10192,"273,167","283,359"
"1402","MN","Red Lake County, MN",118,2111,2229,115,2111,2226,147,2104,2251,168,"2,129","2,297"
"1403","MN","Redwood County, MN",284,7392,7676,275,7335,7610,308,7368,7676,342,"8,007","8,349"
"1404","MN","Renville County, MN",394,8275,8669,347,8367,8714,387,8493,8880,443,"8,001","8,444"
"1405","MN","Rice County, MN",1164,36169,37333,1030,35874,36904,1142,35393,36535,1268,"34,960","36,228"
"1406","MN","Rock County, MN",131,5556,5687,132,5564,5696,121,5754,5875,137,"5,793","5,930"
"1407","MN","Roseau County, MN",305,7570,7875,266,7623,7889,392,7749,8141,422,"7,854","8,276"
"1408","MN","St. Louis County, MN",4098,98297,102395,3788,98115,101903,4664,97860,102524,5882,"97,080","102,962"
"1409","MN","Scott County, MN",2309,81967,84276,2093,81074,83167,2343,79809,82152,2600,"78,387","80,987"
"1410","MN","Sherburne County, MN",1858,51063,52921,1656,50506,52162,1890,49480,51370,2066,"48,801","50,867"
"1411","MN","Sibley County, MN",330,8331,8661,271,8237,8508,297,8116,8413,364,"8,158","8,522"
"1412","MN","Stearns County, MN",2897,88280,91177,2672,87384,90056,3002,87070,90072,3357,"85,890","89,247"
"1413","MN","Steele County, MN",672,20549,21221,611,19854,20465,681,19855,20536,757,"20,505","21,262"
"1414","MN","Stevens County, MN",148,5330,5478,130,5314,5444,144,5364,5508,170,"5,501","5,671"
"1415","MN","Swift County, MN",216,4737,4953,185,4830,5015,204,4845,5049,272,"4,792","5,064"
"1416","MN","Todd County, MN",603,13012,13615,530,12948,13478,524,12976,13500,609,"12,342","12,951"
"1417","MN","Traverse County, MN",66,1715,1781,58,1718,1776,62,1710,1772,67,"1,646","1,713"
"1418","MN","Wabasha County, MN",414,12018,12432,365,11848,12213,400,11764,12164,444,"11,611","12,055"
"1419","MN","Wadena County, MN",367,5595,5962,310,5597,5907,320,5511,5831,371,"5,899","6,270"
"1420","MN","Waseca County, MN",350,8709,9059,368,8606,8974,356,8940,9296,407,"9,092","9,499"
"1421","MN","Washington County, MN",4067,140553,144620,3601,139023,142624,4157,136786,140943,4644,"134,651","139,295"
"1422","MN","Watonwan County, MN",264,6267,6531,227,6294,6521,276,6223,6499,321,"6,279","6,600"
"1423","MN","Wilkin County, MN",119,3397,3516,106,3415,3521,109,3444,3553,121,"3,612","3,733"
"1424","MN","Winona County, MN",835,28005,28840,757,27941,28698,884,28089,28973,1038,"28,327","29,365"
"1425","MN","Wright County, MN",2485,73883,76368,2257,73073,75330,2571,71611,74182,2824,"70,529","73,353"
"1426","MN","Yellow Medicine County, MN",205,5204,5409,161,5185,5346,183,5170,5353,210,"5,287","5,497"
"1427","MS","Mississippi",69226,1206892,1276118,61454,1207680,1269134,65049,1212553,1277602,74075,"1,204,372","1,278,447"
"1428","MS","Adams County, MS",794,10466,11260,713,10511,11224,820,10424,11244,927,"10,331","11,258"
"1429","MS","Alcorn County, MS",757,15300,16057,672,15431,16103,710,15353,16063,819,"15,012","15,831"
"1430","MS","Amite County, MS",308,4109,4417,272,4110,4382,303,4166,4469,330,"4,182","4,512"
"1431","MS","Attala County, MS",439,6592,7031,394,6561,6955,421,6549,6970,468,"6,550","7,018"
"1432","MS","Benton County, MS",187,2868,3055,171,2857,3028,170,2870,3040,204,"2,846","3,050"
"1433","MS","Bolivar County, MS",863,11397,12260,761,11628,12389,829,12087,12916,967,"12,444","13,411"
"1434","MS","Calhoun County, MS",310,5350,5660,261,5297,5558,264,5376,5640,330,"5,859","6,189"
"1435","MS","Carroll County, MS",218,3253,3471,196,3249,3445,207,3333,3540,258,"3,308","3,566"
"1436","MS","Chickasaw County, MS",390,6531,6921,353,6653,7006,370,6709,7079,464,"6,633","7,097"
"1437","MS","Choctaw County, MS",205,3552,3757,183,3526,3709,180,3443,3623,210,"3,519","3,729"
"1438","MS","Claiborne County, MS",325,2705,3030,278,2735,3013,296,2733,3029,350,"2,743","3,093"
"1439","MS","Clarke County, MS",369,5554,5923,333,5614,5947,371,5796,6167,410,"5,670","6,080"
"1440","MS","Clay County, MS",581,7213,7794,470,7218,7688,526,7223,7749,649,"7,375","8,024"
"1441","MS","Coahoma County, MS",642,7722,8364,593,7786,8379,643,7989,8632,798,"8,424","9,222"
"1442","MS","Copiah County, MS",743,10490,11233,625,10508,11133,642,10626,11268,733,"10,553","11,286"
"1443","MS","Covington County, MS",398,7745,8143,363,7709,8072,393,7723,8116,442,"7,719","8,161"
"1444","MS","DeSoto County, MS",4017,87382,91399,3459,87088,90547,3410,85421,88831,3665,"83,679","87,344"
"1445","MS","Forrest County, MS",1707,31575,33282,1490,31614,33104,1624,31900,33524,1903,"31,501","33,404"
"1446","MS","Franklin County, MS",191,2616,2807,167,2639,2806,195,2671,2866,204,"2,651","2,855"
"1447","MS","George County, MS",656,8185,8841,576,8206,8782,634,8215,8849,650,"8,168","8,818"
"1448","MS","Greene County, MS",341,4014,4355,271,4015,4286,328,4054,4382,311,"3,978","4,289"
"1449","MS","Grenada County, MS",480,9014,9494,412,9144,9556,443,9221,9664,490,"9,125","9,615"
"1450","MS","Hancock County, MS",1056,17720,18776,955,17699,18654,1043,17714,18757,1145,"17,740","18,885"
"1451","MS","Harrison County, MS",4457,82022,86479,3991,81863,85854,4191,82053,86244,4769,"82,022","86,791"
"1452","MS","Hinds County, MS",5621,101524,107145,5066,101839,106905,5313,104106,109419,5960,"104,105","110,065"
"1453","MS","Holmes County, MS",583,5089,5672,512,5173,5685,548,5278,5826,655,"5,326","5,981"
"1454","MS","Humphreys County, MS",224,2003,2227,195,1998,2193,209,1998,2207,270,"2,105","2,375"
"1455","MS","Issaquena County, MS",43,338,381,33,336,369,47,345,392,56,"345","401"
"1456","MS","Itawamba County, MS",495,10034,10529,423,9955,10378,442,10092,10534,525,"9,884","10,409"
"1457","MS","Jackson County, MS",3533,55058,58591,3308,54937,58245,3473,55136,58609,3871,"55,271","59,142"
"1458","MS","Jasper County, MS",423,5762,6185,357,5633,5990,399,5695,6094,473,"5,723","6,196"
"1459","MS","Jefferson County, MS",314,1714,2028,267,1754,2021,310,1812,2122,331,"1,897","2,228"
"1460","MS","Jefferson Davis County, MS",284,3840,4124,275,3821,4096,289,3954,4243,343,"3,840","4,183"
"1461","MS","Jones County, MS",1413,24839,26252,1255,24309,25564,1317,24132,25449,1572,"24,239","25,811"
"1462","MS","Kemper County, MS",284,3271,3555,267,3299,3566,280,3320,3600,309,"3,247","3,556"
"1463","MS","Lafayette County, MS",1280,27113,28393,1109,27007,28116,1144,26435,27579,1262,"24,746","26,008"
"1464","MS","Lamar County, MS",1287,29435,30722,1133,29477,30610,1156,29067,30223,1339,"28,288","29,627"
"1465","MS","Lauderdale County, MS",1674,28862,30536,1543,29209,30752,1695,30149,31844,1860,"29,942","31,802"
"1466","MS","Lawrence County, MS",313,4310,4623,276,4362,4638,306,4388,4694,332,"4,347","4,679"
"1467","MS","Leake County, MS",441,7527,7968,396,7436,7832,436,7168,7604,468,"7,291","7,759"
"1468","MS","Lee County, MS",1800,39409,41209,1588,39130,40718,1650,39555,41205,1978,"38,861","40,839"
"1469","MS","Leflore County, MS",756,9262,10018,695,9250,9945,756,9392,10148,934,"9,406","10,340"
"1470","MS","Lincoln County, MS",822,13813,14635,692,13892,14584,757,13813,14570,817,"13,616","14,433"
"1471","MS","Lowndes County, MS",1355,24086,25441,1230,23912,25142,1359,23979,25338,1560,"23,975","25,535"
"1472","MS","Madison County, MS",2327,51001,53328,1988,51163,53151,2070,51244,53314,2292,"51,114","53,406"
"1473","MS","Marion County, MS",543,9397,9940,520,9503,10023,562,9655,10217,670,"9,601","10,271"
"1474","MS","Marshall County, MS",832,13673,14505,724,13626,14350,744,13661,14405,874,"13,692","14,566"
"1475","MS","Monroe County, MS",851,14683,15534,758,14658,15416,804,14799,15603,982,"14,666","15,648"
"1476","MS","Montgomery County, MS",239,3721,3960,214,3787,4001,212,3957,4169,270,"3,970","4,240"
"1477","MS","Neshoba County, MS",604,9640,10244,513,9645,10158,538,9865,10403,613,"10,095","10,708"
"1478","MS","Newton County, MS",485,8371,8856,422,8342,8764,454,8481,8935,507,"8,140","8,647"
"1479","MS","Noxubee County, MS",276,3507,3783,258,3545,3803,286,3621,3907,327,"3,640","3,967"
"1480","MS","Oktibbeha County, MS",1275,21447,22722,1064,21282,22346,1108,21160,22268,1246,"21,823","23,069"
"1481","MS","Panola County, MS",827,11726,12553,783,12043,12826,880,12200,13080,966,"12,226","13,192"
"1482","MS","Pearl River County, MS",1238,22609,23847,1123,22382,23505,1236,22256,23492,1381,"21,853","23,234"
"1483","MS","Perry County, MS",289,4004,4293,253,4006,4259,274,4054,4328,310,"4,050","4,360"
"1484","MS","Pike County, MS",944,13575,14519,846,13608,14454,881,13611,14492,992,"13,689","14,681"
"1485","MS","Pontotoc County, MS",640,14133,14773,567,14036,14603,566,14115,14681,680,"13,766","14,446"
"1486","MS","Prentiss County, MS",557,10781,11338,488,10747,11235,511,10713,11224,601,"10,468","11,069"
"1487","MS","Quitman County, MS",196,2182,2378,183,2173,2356,217,2216,2433,254,"2,364","2,618"
"1488","MS","Rankin County, MS",3004,73226,76230,2649,73449,76098,2726,73456,76182,2951,"72,044","74,995"
"1489","MS","Scott County, MS",572,12149,12721,515,12398,12913,539,12512,13051,606,"12,665","13,271"
"1490","MS","Sharkey County, MS",135,1469,1604,118,1487,1605,129,1487,1616,150,"1,565","1,715"
"1491","MS","Simpson County, MS",556,10209,10765,496,10230,10726,535,10423,10958,592,"10,347","10,939"
"1492","MS","Smith County, MS",356,6466,6822,300,6450,6750,320,6447,6767,353,"6,389","6,742"
"1493","MS","Stone County, MS",451,6425,6876,392,6320,6712,403,6180,6583,435,"6,062","6,497"
"1494","MS","Sunflower County, MS",685,7051,7736,614,7160,7774,663,7306,7969,772,"7,572","8,344"
"1495","MS","Tallahatchie County, MS",306,4970,5276,284,4978,5262,294,5189,5483,388,"5,352","5,740"
"1496","MS","Tate County, MS",698,11696,12394,613,11646,12259,615,11502,12117,704,"11,385","12,089"
"1497","MS","Tippah County, MS",482,8960,9442,412,9026,9438,423,9056,9479,520,"8,883","9,403"
"1498","MS","Tishomingo County, MS",440,8189,8629,391,8106,8497,414,7954,8368,451,"7,810","8,261"
"1499","MS","Tunica County, MS",276,4183,4459,239,4156,4395,265,4195,4460,326,"4,285","4,611"
"1500","MS","Union County, MS",594,13628,14222,498,13520,14018,505,13501,14006,601,"13,067","13,668"
"1501","MS","Walthall County, MS",359,4574,4933,326,4722,5048,342,4727,5069,387,"4,652","5,039"
"1502","MS","Warren County, MS",1226,19109,20335,1118,19336,20454,1177,19704,20881,1312,"19,508","20,820"
"1503","MS","Washington County, MS",1284,15701,16985,1175,16056,17231,1272,16509,17781,1591,"16,177","17,768"
"1504","MS","Wayne County, MS",454,6990,7444,403,6911,7314,470,6930,7400,549,"6,991","7,540"
"1505","MS","Webster County, MS",225,3762,3987,194,3704,3898,204,3677,3881,242,"3,665","3,907"
"1506","MS","Wilkinson County, MS",285,2526,2811,240,2533,2773,250,2585,2835,287,"2,549","2,836"
"1507","MS","Winston County, MS",452,6973,7425,418,6874,7292,436,6792,7228,502,"6,608","7,110"
"1508","MS","Yalobusha County, MS",285,4698,4983,253,4856,5109,276,4808,5084,305,"4,584","4,889"
"1509","MS","Yazoo County, MS",599,8825,9424,526,8831,9357,555,8547,9102,680,"8,572","9,252"
"1510","MO","Missouri",101557,2981688,3083245,96438,2956667,3053105,114569,2948905,3063474,140261,"2,941,072","3,081,333"
"1511","MO","Adair County, MO",400,9945,10345,372,10259,10631,446,10049,10495,590,"9,798","10,388"
"1512","MO","Andrew County, MO",273,9494,9767,253,9472,9725,312,9502,9814,374,"9,674","10,048"
"1513","MO","Atchison County, MO",100,2603,2703,68,2700,2768,99,2758,2857,130,"2,716","2,846"
"1514","MO","Audrain County, MO",360,10337,10697,329,10469,10798,384,10716,11100,474,"10,677","11,151"
"1515","MO","Barry County, MO",545,15044,15589,457,15167,15624,516,14995,15511,684,"14,533","15,217"
"1516","MO","Barton County, MO",176,5026,5202,158,5025,5183,216,4997,5213,279,"5,049","5,328"
"1517","MO","Bates County, MO",318,7590,7908,300,7561,7861,354,7634,7988,437,"7,732","8,169"
"1518","MO","Benton County, MO",346,6855,7201,320,6850,7170,369,6928,7297,440,"6,828","7,268"
"1519","MO","Bollinger County, MO",214,5270,5484,194,5240,5434,241,5266,5507,287,"5,182","5,469"
"1520","MO","Boone County, MO",2363,95937,98300,2193,95474,97667,2549,94997,97546,3240,"95,073","98,313"
"1521","MO","Buchanan County, MO",1368,43301,44669,1301,43091,44392,1598,43570,45168,1912,"44,857","46,769"
"1522","MO","Butler County, MO",846,17140,17986,818,17305,18123,834,17713,18547,1078,"17,748","18,826"
"1523","MO","Caldwell County, MO",139,4230,4369,136,4221,4357,179,4256,4435,211,"4,270","4,481"
"1524","MO","Callaway County, MO",625,20758,21383,607,20538,21145,745,20731,21476,898,"20,962","21,860"
"1525","MO","Camden County, MO",848,18013,18861,777,17828,18605,900,18019,18919,1087,"17,664","18,751"
"1526","MO","Cape Girardeau County, MO",1197,39654,40851,1093,39183,40276,1379,38531,39910,1771,"39,053","40,824"
"1527","MO","Carroll County, MO",155,4653,4808,145,4522,4667,193,4601,4794,257,"4,519","4,776"
"1528","MO","Carter County, MO",125,2421,2546,125,2382,2507,148,2388,2536,181,"2,366","2,547"
"1529","MO","Cass County, MO",1656,53239,54895,1648,52656,54304,1900,52392,54292,2268,"52,331","54,599"
"1530","MO","Cedar County, MO",214,5550,5764,193,5510,5703,233,5532,5765,290,"5,516","5,806"
"1531","MO","Chariton County, MO",113,3614,3727,104,3663,3767,133,3725,3858,168,"3,694","3,862"
"1532","MO","Christian County, MO",1227,43771,44998,1123,42953,44076,1335,41924,43259,1705,"41,721","43,426"
"1533","MO","Clark County, MO",114,3091,3205,122,3083,3205,179,3032,3211,248,"3,127","3,375"
"1534","MO","Clay County, MO",3909,132701,136610,3885,131103,134988,4864,130101,134965,5237,"128,981","134,218"
"1535","MO","Clinton County, MO",324,10414,10738,338,10335,10673,431,10460,10891,466,"10,563","11,029"
"1536","MO","Cole County, MO",1014,38037,39051,946,37566,38512,1137,37730,38867,1407,"38,081","39,488"
"1537","MO","Cooper County, MO",276,7205,7481,227,7198,7425,270,7202,7472,369,"7,125","7,494"
"1538","MO","Crawford County, MO",414,10566,10980,417,10432,10849,496,10330,10826,580,"10,266","10,846"
"1539","MO","Dade County, MO",111,3434,3545,95,3474,3569,121,3460,3581,160,"3,431","3,591"
"1540","MO","Dallas County, MO",319,6762,7081,271,6684,6955,326,6628,6954,383,"6,584","6,967"
"1541","MO","Daviess County, MO",137,3965,4102,120,3918,4038,135,3947,4082,159,"3,963","4,122"
"1542","MO","DeKalb County, MO",149,4689,4838,150,4702,4852,190,4724,4914,223,"4,869","5,092"
"1543","MO","Dent County, MO",225,6044,6269,202,6011,6213,258,5930,6188,335,"5,878","6,213"
"1544","MO","Douglas County, MO",258,4849,5107,224,4842,5066,233,4846,5079,309,"4,780","5,089"
"1545","MO","Dunklin County, MO",642,10956,11598,652,11379,12031,804,11650,12454,1059,"11,798","12,857"
"1546","MO","Franklin County, MO",1715,51511,53226,1589,51005,52594,1890,50641,52531,2303,"50,453","52,756"
"1547","MO","Gasconade County, MO",262,7470,7732,222,7524,7746,298,7503,7801,332,"7,380","7,712"
"1548","MO","Gentry County, MO",96,3433,3529,85,3492,3577,102,3526,3628,134,"3,460","3,594"
"1549","MO","Greene County, MO",4074,147461,151535,3753,144698,148451,4506,142759,147265,5649,"143,173","148,822"
"1550","MO","Grundy County, MO",154,4240,4394,161,4383,4544,171,4639,4810,224,"4,686","4,910"
"1551","MO","Harrison County, MO",127,3695,3822,116,3730,3846,137,3789,3926,168,"3,811","3,979"
"1552","MO","Henry County, MO",364,9364,9728,344,9450,9794,405,9506,9911,495,"9,412","9,907"
"1553","MO","Hickory County, MO",161,3681,3842,156,3687,3843,167,3601,3768,208,"3,493","3,701"
"1554","MO","Holt County, MO",73,2515,2588,62,2588,2650,77,2621,2698,87,"2,602","2,689"
"1555","MO","Howard County, MO",152,4746,4898,138,4834,4972,193,4897,5090,223,"4,815","5,038"
"1556","MO","Howell County, MO",671,15870,16541,570,15704,16274,753,15183,15936,1025,"15,118","16,143"
"1557","MO","Iron County, MO",169,3365,3534,188,3349,3537,230,3360,3590,267,"3,454","3,721"
"1558","MO","Jackson County, MO",13531,350008,363539,13423,345609,359032,15906,347100,363006,18691,"346,091","364,782"
"1559","MO","Jasper County, MO",1714,55590,57304,1544,54995,56539,1912,55007,56919,2407,"55,422","57,829"
"1560","MO","Jefferson County, MO",3679,114498,118177,3583,113195,116778,4145,112409,116554,5070,"112,753","117,823"
"1561","MO","Johnson County, MO",858,22247,23105,831,21941,22772,1019,22310,23329,1140,"22,081","23,221"
"1562","MO","Knox County, MO",52,1720,1772,54,1864,1918,64,1932,1996,72,"1,915","1,987"
"1563","MO","Laclede County, MO",1196,16190,17386,613,16179,16792,785,15854,16639,883,"15,303","16,186"
"1564","MO","Lafayette County, MO",519,16328,16847,538,16219,16757,639,16375,17014,743,"16,476","17,219"
"1565","MO","Lawrence County, MO",633,17385,18018,545,17545,18090,630,17267,17897,779,"17,036","17,815"
"1566","MO","Lewis County, MO",160,4843,5003,142,4935,5077,175,4947,5122,233,"4,913","5,146"
"1567","MO","Lincoln County, MO",951,27497,28448,902,27255,28157,978,26453,27431,1224,"26,047","27,271"
"1568","MO","Linn County, MO",249,4875,5124,237,4890,5127,305,4967,5272,355,"4,927","5,282"
"1569","MO","Livingston County, MO",187,7170,7357,184,7324,7508,219,7259,7478,288,"7,074","7,362"
"1570","MO","McDonald County, MO",356,10334,10690,317,10143,10460,378,10036,10414,456,"10,036","10,492"
"1571","MO","Macon County, MO",255,7280,7535,223,7395,7618,272,7322,7594,364,"7,262","7,626"
"1572","MO","Madison County, MO",189,5295,5484,190,5273,5463,246,5258,5504,302,"5,185","5,487"
"1573","MO","Maries County, MO",137,3747,3884,126,3752,3878,168,3758,3926,197,"3,719","3,916"
"1574","MO","Marion County, MO",461,14104,14565,441,14010,14451,519,14055,14574,625,"13,972","14,597"
"1575","MO","Mercer County, MO",59,1802,1861,58,1850,1908,72,1877,1949,89,"1,843","1,932"
"1576","MO","Miller County, MO",463,11850,12313,436,11696,12132,532,11512,12044,616,"11,286","11,902"
"1577","MO","Mississippi County, MO",237,5555,5792,223,5721,5944,302,5762,6064,413,"5,812","6,225"
"1578","MO","Moniteau County, MO",216,7097,7313,214,7076,7290,266,7111,7377,325,"7,158","7,483"
"1579","MO","Monroe County, MO",161,3711,3872,139,3823,3962,174,3904,4078,202,"3,967","4,169"
"1580","MO","Montgomery County, MO",180,5558,5738,163,5532,5695,185,5481,5666,263,"5,495","5,758"
"1581","MO","Morgan County, MO",351,7776,8127,335,7637,7972,388,7570,7958,469,"7,511","7,980"
"1582","MO","New Madrid County, MO",356,7880,8236,376,7660,8036,525,7494,8019,768,"7,488","8,256"
"1583","MO","Newton County, MO",894,26498,27392,810,26277,27087,992,26407,27399,1235,"27,031","28,266"
"1584","MO","Nodaway County, MO",322,10468,10790,306,10354,10660,380,10288,10668,508,"10,361","10,869"
"1585","MO","Oregon County, MO",157,3824,3981,135,3810,3945,184,3841,4025,247,"3,874","4,121"
"1586","MO","Osage County, MO",170,6936,7106,167,6895,7062,212,6920,7132,246,"6,992","7,238"
"1587","MO","Ozark County, MO",198,3214,3412,175,3271,3446,207,3369,3576,264,"3,372","3,636"
"1588","MO","Pemiscot County, MO",321,6043,6364,341,5978,6319,487,6085,6572,626,"6,418","7,044"
"1589","MO","Perry County, MO",264,9801,10065,234,9949,10183,268,9866,10134,360,"9,735","10,095"
"1590","MO","Pettis County, MO",744,20227,20971,848,19916,20764,865,20052,20917,1020,"19,639","20,659"
"1591","MO","Phelps County, MO",651,19177,19828,598,19089,19687,732,19009,19741,929,"18,610","19,539"
"1592","MO","Pike County, MO",268,7224,7492,275,7407,7682,272,7678,7950,364,"7,714","8,078"
"1593","MO","Platte County, MO",1566,57239,58805,1474,56565,58039,1831,55951,57782,2058,"54,742","56,800"
"1594","MO","Polk County, MO",503,14081,14584,519,13893,14412,564,13660,14224,694,"13,551","14,245"
"1595","MO","Pulaski County, MO",598,14094,14692,520,14099,14619,627,14116,14743,788,"13,713","14,501"
"1596","MO","Putnam County, MO",84,2207,2291,83,2341,2424,93,2359,2452,112,"2,346","2,458"
"1597","MO","Ralls County, MO",178,5484,5662,156,5463,5619,175,5485,5660,227,"5,409","5,636"
"1598","MO","Randolph County, MO",402,9978,10380,386,9858,10244,463,9834,10297,552,"9,959","10,511"
"1599","MO","Ray County, MO",401,10632,11033,392,10525,10917,533,10587,11120,550,"10,615","11,165"
"1600","MO","Reynolds County, MO",113,2929,3042,94,2942,3036,121,3015,3136,174,"2,513","2,687"
"1601","MO","Ripley County, MO",278,4761,5039,263,4837,5100,290,4971,5261,378,"4,967","5,345"
"1602","MO","St. Charles County, MO",5780,221305,227085,5589,219001,224590,6326,216099,222425,7776,"213,718","221,494"
"1603","MO","St. Clair County, MO",172,3577,3749,163,3631,3794,197,3693,3890,246,"3,677","3,923"
"1604","MO","Ste. Genevieve County, MO",247,8950,9197,255,8952,9207,325,8788,9113,419,"8,585","9,004"
"1605","MO","St. Francois County, MO",979,25658,26637,954,25577,26531,1165,25629,26794,1449,"24,834","26,283"
"1606","MO","St. Louis County, MO",16363,516722,533085,15568,511002,526570,18029,508640,526669,22448,"510,089","532,537"
"1607","MO","Saline County, MO",341,10267,10608,326,10408,10734,378,10323,10701,502,"10,254","10,756"
"1608","MO","Schuyler County, MO",86,1862,1948,81,1931,2012,95,1867,1962,121,"1,788","1,909"
"1609","MO","Scotland County, MO",73,2311,2384,67,2326,2393,77,2382,2459,102,"2,357","2,459"
"1610","MO","Scott County, MO",707,19293,20000,675,19383,20058,890,19277,20167,1146,"18,859","20,005"
"1611","MO","Shannon County, MO",180,3048,3228,159,3081,3240,198,3092,3290,245,"3,087","3,332"
"1612","MO","Shelby County, MO",91,2970,3061,92,2933,3025,105,2996,3101,129,"2,947","3,076"
"1613","MO","Stoddard County, MO",618,12480,13098,572,12522,13094,665,12599,13264,853,"12,468","13,321"
"1614","MO","Stone County, MO",688,13185,13873,636,13096,13732,761,13096,13857,940,"12,509","13,449"
"1615","MO","Sullivan County, MO",95,2589,2684,87,2712,2799,111,2649,2760,160,"2,616","2,776"
"1616","MO","Taney County, MO",1389,25753,27142,1382,25569,26951,1616,25390,27006,1948,"24,422","26,370"
"1617","MO","Texas County, MO",402,8607,9009,362,8672,9034,462,8932,9394,585,"8,753","9,338"
"1618","MO","Vernon County, MO",333,9133,9466,297,9277,9574,365,9308,9673,467,"9,157","9,624"
"1619","MO","Warren County, MO",525,17446,17971,491,17288,17779,560,17058,17618,733,"16,793","17,526"
"1620","MO","Washington County, MO",461,9780,10241,448,9766,10214,554,9775,10329,657,"9,702","10,359"
"1621","MO","Wayne County, MO",256,5050,5306,253,5088,5341,280,5272,5552,303,"5,365","5,668"
"1622","MO","Webster County, MO",617,16692,17309,520,16467,16987,650,16216,16866,833,"16,096","16,929"
"1623","MO","Worth County, MO",31,1138,1169,34,1159,1193,30,1164,1194,36,"1,177","1,213"
"1624","MO","Wright County, MO",394,7101,7495,304,7123,7427,375,7258,7633,451,"7,165","7,616"
"1625","MO","St. Louis city, MO",5955,147111,153066,5768,145477,151245,6832,147604,154436,8595,"149,054","157,649"
"1626","MT","Montana",18580,514917,533497,19266,509568,528834,20704,504871,525575,21667,"500,830","522,497"
"1627","MT","Beaverhead County, MT",149,4922,5071,153,4880,5033,154,4900,5054,168,"4,909","5,077"
"1628","MT","Big Horn County, MT",357,4475,4832,480,4611,5091,727,4792,5519,401,"5,139","5,540"
"1629","MT","Blaine County, MT",88,2399,2487,95,2197,2292,94,2261,2355,108,"2,264","2,372"
"1630","MT","Broadwater County, MT",103,2482,2585,102,2520,2622,120,2467,2587,125,"2,428","2,553"
"1631","MT","Carbon County, MT",189,5293,5482,189,5282,5471,196,5310,5506,214,"5,212","5,426"
"1632","MT","Carter County, MT",18,626,644,17,649,666,17,679,696,19,"678","697"
"1633","MT","Cascade County, MT",1288,36651,37939,1328,36453,37781,1392,36409,37801,1502,"36,336","37,838"
"1634","MT","Chouteau County, MT",66,2389,2455,73,2399,2472,81,2414,2495,94,"2,422","2,516"
"1635","MT","Custer County, MT",174,5886,6060,183,5884,6067,190,5976,6166,220,"6,026","6,246"
"1636","MT","Daniels County, MT",18,875,893,18,864,882,20,888,908,24,"912","936"
"1637","MT","Dawson County, MT",111,4467,4578,121,4506,4627,141,4542,4683,177,"4,431","4,608"
"1638","MT","Deer Lodge County, MT",161,4877,5038,179,4945,5124,179,4961,5140,201,"5,103","5,304"
"1639","MT","Fallon County, MT",30,1674,1704,30,1664,1694,45,1693,1738,66,"1,748","1,814"
"1640","MT","Fergus County, MT",188,5856,6044,208,5596,5804,227,5540,5767,227,"5,545","5,772"
"1641","MT","Flathead County, MT",2246,45646,47892,2255,45514,47769,2407,44406,46813,2568,"43,436","46,004"
"1642","MT","Gallatin County, MT",1555,67205,68760,1660,65149,66809,1748,62858,64606,1750,"60,437","62,187"
"1643","MT","Garfield County, MT",18,720,738,20,716,736,21,740,761,22,"743","765"
"1644","MT","Glacier County, MT",427,5266,5693,436,5264,5700,446,5280,5726,497,"5,327","5,824"
"1645","MT","Golden Valley County, MT",15,352,367,17,352,369,18,355,373,17,"362","379"
"1646","MT","Granite County, MT",96,1591,1687,88,1604,1692,93,1526,1619,96,"1,537","1,633"
"1647","MT","Hill County, MT",281,7360,7641,265,7404,7669,289,7511,7800,337,"7,471","7,808"
"1648","MT","Jefferson County, MT",189,5509,5698,211,5426,5637,237,5394,5631,261,"5,415","5,676"
"1649","MT","Judith Basin County, MT",29,919,948,30,881,911,33,891,924,32,"902","934"
"1650","MT","Lake County, MT",557,12644,13201,549,12562,13111,576,12573,13149,620,"12,474","13,094"
"1651","MT","Lewis and Clark County, MT",1065,34759,35824,1155,34223,35378,1194,34099,35293,1163,"34,067","35,230"
"1652","MT","Liberty County, MT",24,929,953,24,936,960,29,951,980,31,"959","990"
"1653","MT","Lincoln County, MT",586,7499,8085,585,7477,8062,655,7243,7898,715,"7,223","7,938"
"1654","MT","McCone County, MT",19,932,951,18,949,967,21,1002,1023,20,"1,024","1,044"
"1655","MT","Madison County, MT",154,4654,4808,161,4412,4573,168,4229,4397,167,"4,251","4,418"
"1656","MT","Meagher County, MT",33,922,955,36,920,956,40,891,931,37,"880","917"
"1657","MT","Mineral County, MT",100,1657,1757,121,1596,1717,124,1563,1687,128,"1,560","1,688"
"1658","MT","Missoula County, MT",2049,61776,63825,2060,61087,63147,2210,60192,62402,2301,"59,156","61,457"
"1659","MT","Musselshell County, MT",88,2177,2265,94,2185,2279,100,2191,2291,118,"2,179","2,297"
"1660","MT","Park County, MT",305,8606,8911,332,8504,8836,331,8301,8632,360,"8,057","8,417"
"1661","MT","Petroleum County, MT",10,269,279,11,270,281,12,280,292,13,"265","278"
"1662","MT","Phillips County, MT",70,1813,1883,84,1817,1901,84,1809,1893,103,"1,835","1,938"
"1663","MT","Pondera County, MT",101,2570,2671,107,2607,2714,103,2640,2743,121,"2,747","2,868"
"1664","MT","Powder River County, MT",23,936,959,27,940,967,25,982,1007,25,"1,043","1,068"
"1665","MT","Powell County, MT",108,2865,2973,118,2796,2914,123,2768,2891,144,"2,726","2,870"
"1666","MT","Prairie County, MT",18,459,477,18,469,487,18,469,487,18,"509","527"
"1667","MT","Ravalli County, MT",819,19411,20230,819,19110,19929,907,18881,19788,940,"18,653","19,593"
"1668","MT","Richland County, MT",156,5724,5880,174,5698,5872,220,5758,5978,308,"5,911","6,219"
"1669","MT","Roosevelt County, MT",194,4308,4502,199,4267,4466,208,4364,4572,250,"4,442","4,692"
"1670","MT","Rosebud County, MT",192,3635,3827,198,3662,3860,203,3821,4024,225,"3,886","4,111"
"1671","MT","Sanders County, MT",285,4559,4844,299,4476,4775,327,4456,4783,368,"4,391","4,759"
"1672","MT","Sheridan County, MT",39,1702,1741,40,1717,1757,49,1816,1865,64,"1,898","1,962"
"1673","MT","Silver Bow County, MT",649,16542,17191,675,16548,17223,705,16452,17157,736,"16,472","17,208"
"1674","MT","Stillwater County, MT",162,5018,5180,165,4773,4938,183,4664,4847,191,"4,624","4,815"
"1675","MT","Sweet Grass County, MT",50,1748,1798,53,1721,1774,55,1743,1798,56,"1,743","1,799"
"1676","MT","Teton County, MT",90,2650,2740,89,2607,2696,107,2676,2783,102,"2,730","2,832"
"1677","MT","Toole County, MT",51,2064,2115,53,2075,2128,64,2088,2152,77,"2,151","2,228"
"1678","MT","Treasure County, MT",9,325,334,9,324,333,13,328,341,15,"338","353"
"1679","MT","Valley County, MT",129,3950,4079,123,3996,4119,133,4030,4163,149,"4,259","4,408"
"1680","MT","Wheatland County, MT",30,755,785,39,761,800,34,751,785,40,"757","797"
"1681","MT","Wibaux County, MT",14,449,463,16,449,465,15,468,483,20,"493","513"
"1682","MT","Yellowstone County, MT",2608,79173,81781,2658,78878,81536,2790,78600,81390,2921,"78,343","81,264"
"1683","NE","Nebraska",31560,1003680,1035240,29930,993561,1023491,29542,982435,1011977,30965,"978,237","1,009,202"
"1684","NE","Adams County, NE",530,16262,16792,495,16069,16564,511,16081,16592,521,"16,116","16,637"
"1685","NE","Antelope County, NE",91,3467,3558,89,3479,3568,88,3469,3557,94,"3,495","3,589"
"1686","NE","Arthur County, NE",12,212,224,11,210,221,12,207,219,13,"214","227"
"1687","NE","Banner County, NE",14,363,377,14,365,379,14,375,389,14,"402","416"
"1688","NE","Blaine County, NE",13,246,259,12,249,261,11,250,261,11,"253","264"
"1689","NE","Boone County, NE",81,2882,2963,67,2844,2911,71,2853,2924,79,"2,921","3,000"
"1690","NE","Box Butte County, NE",172,5247,5419,156,5245,5401,177,5240,5417,203,"5,435","5,638"
"1691","NE","Boyd County, NE",36,1042,1078,33,1043,1076,36,1042,1078,33,"1,065","1,098"
"1692","NE","Brown County, NE",49,1344,1393,48,1341,1389,45,1354,1399,50,"1,328","1,378"
"1693","NE","Buffalo County, NE",729,27048,27777,676,27041,27717,656,26571,27227,681,"26,504","27,185"
"1694","NE","Burt County, NE",117,3366,3483,120,3343,3463,128,3371,3499,130,"3,412","3,542"
"1695","NE","Butler County, NE",119,4472,4591,110,4436,4546,126,4430,4556,148,"4,472","4,620"
"1696","NE","Cass County, NE",453,13117,13570,414,12911,13325,413,12731,13144,441,"12,687","13,128"
"1697","NE","Cedar County, NE",113,4402,4515,107,4363,4470,99,4364,4463,116,"4,448","4,564"
"1698","NE","Chase County, NE",52,2225,2277,51,2224,2275,43,2258,2301,47,"2,242","2,289"
"1699","NE","Cherry County, NE",81,3308,3389,75,3259,3334,78,3309,3387,78,"3,389","3,467"
"1700","NE","Cheyenne County, NE",163,4253,4416,135,4561,4696,145,4945,5090,153,"5,292","5,445"
"1701","NE","Clay County, NE",106,3192,3298,105,3144,3249,101,3170,3271,103,"3,215","3,318"
"1702","NE","Colfax County, NE",152,5429,5581,139,5449,5588,134,5455,5589,157,"5,387","5,544"
"1703","NE","Cuming County, NE",125,4571,4696,121,4568,4689,127,4595,4722,136,"4,575","4,711"
"1704","NE","Custer County, NE",155,6261,6416,141,6277,6418,136,6238,6374,149,"6,196","6,345"
"1705","NE","Dakota County, NE",422,10369,10791,391,10285,10676,428,10185,10613,452,"10,443","10,895"
"1706","NE","Dawes County, NE",146,4832,4978,137,4882,5019,140,5013,5153,154,"5,054","5,208"
"1707","NE","Dawson County, NE",389,12667,13056,372,12562,12934,368,12549,12917,383,"12,566","12,949"
"1708","NE","Deuel County, NE",28,929,957,29,931,960,26,1008,1034,27,"1,032","1,059"
"1709","NE","Dixon County, NE",93,2941,3034,95,2916,3011,93,2917,3010,101,"2,964","3,065"
"1710","NE","Dodge County, NE",570,18931,19501,557,18845,19402,539,18784,19323,586,"18,521","19,107"
"1711","NE","Douglas County, NE",9771,289816,299587,9479,285210,294689,9198,281350,290548,9533,"278,127","287,660"
"1712","NE","Dundy County, NE",30,1141,1171,26,1124,1150,28,1151,1179,26,"1,168","1,194"
"1713","NE","Fillmore County, NE",82,3080,3162,81,3063,3144,77,3023,3100,88,"3,092","3,180"
"1714","NE","Franklin County, NE",50,1409,1459,46,1427,1473,44,1430,1474,45,"1,454","1,499"
"1715","NE","Frontier County, NE",53,1560,1613,40,1474,1514,39,1519,1558,44,"1,524","1,568"
"1716","NE","Furnas County, NE",72,2511,2583,70,2554,2624,65,2609,2674,75,"2,636","2,711"
"1717","NE","Gage County, NE",391,10619,11010,358,10576,10934,379,10561,10940,361,"10,675","11,036"
"1718","NE","Garden County, NE",32,1071,1103,29,1153,1182,33,1154,1187,39,"1,147","1,186"
"1719","NE","Garfield County, NE",31,1137,1168,29,1134,1163,30,1125,1155,29,"1,125","1,154"
"1720","NE","Gosper County, NE",29,1080,1109,28,1030,1058,28,1015,1043,27,"1,028","1,055"
"1721","NE","Grant County, NE",12,412,424,11,408,419,10,428,438,10,"442","452"
"1722","NE","Greeley County, NE",36,1186,1222,33,1179,1212,37,1182,1219,38,"1,194","1,232"
"1723","NE","Hall County, NE",1102,30801,31903,1045,30827,31872,1075,30461,31536,1150,"30,221","31,371"
"1724","NE","Hamilton County, NE",145,4624,4769,122,4622,4744,116,4557,4673,129,"4,518","4,647"
"1725","NE","Harlan County, NE",51,1745,1796,43,1728,1771,45,1725,1770,44,"1,711","1,755"
"1726","NE","Hayes County, NE",15,598,613,13,585,598,14,557,571,14,"575","589"
"1727","NE","Hitchcock County, NE",43,1223,1266,44,1211,1255,43,1218,1261,47,"1,257","1,304"
"1728","NE","Holt County, NE",150,5613,5763,151,5591,5742,139,5603,5742,144,"5,708","5,852"
"1729","NE","Hooker County, NE",13,404,417,15,386,401,15,380,395,14,"377","391"
"1730","NE","Howard County, NE",118,3247,3365,105,3247,3352,100,3212,3312,109,"3,187","3,296"
"1731","NE","Jefferson County, NE",113,4030,4143,106,4046,4152,101,4089,4190,101,"4,115","4,216"
"1732","NE","Johnson County, NE",72,1992,2064,76,1998,2074,70,2002,2072,66,"2,023","2,089"
"1733","NE","Kearney County, NE",86,3705,3791,80,3675,3755,82,3667,3749,88,"3,648","3,736"
"1734","NE","Keith County, NE",148,4444,4592,141,4405,4546,138,4444,4582,133,"4,478","4,611"
"1735","NE","Keya Paha County, NE",15,574,589,13,580,593,15,590,605,13,"606","619"
"1736","NE","Kimball County, NE",61,1970,2031,56,1963,2019,56,1914,1970,80,"1,889","1,969"
"1737","NE","Knox County, NE",138,4473,4611,147,4484,4631,160,4522,4682,144,"4,570","4,714"
"1738","NE","Lancaster County, NE",4910,172276,177186,4647,170079,174726,4489,165762,170251,4679,"164,151","168,830"
"1739","NE","Lincoln County, NE",638,17689,18327,567,17729,18296,557,17863,18420,574,"18,113","18,687"
"1740","NE","Logan County, NE",14,459,473,14,452,466,13,457,470,14,"469","483"
"1741","NE","Loup County, NE",16,389,405,13,385,398,12,386,398,14,"382","396"
"1742","NE","McPherson County, NE",12,431,443,12,430,442,10,442,452,11,"452","463"
"1743","NE","Madison County, NE",558,19258,19816,507,18956,19463,501,18721,19222,526,"18,610","19,136"
"1744","NE","Merrick County, NE",128,3885,4013,116,3883,3999,112,3935,4047,145,"3,884","4,029"
"1745","NE","Morrill County, NE",75,2532,2607,72,2511,2583,77,2525,2602,84,"2,561","2,645"
"1746","NE","Nance County, NE",59,1917,1976,50,1960,2010,50,1965,2015,55,"1,942","1,997"
"1747","NE","Nemaha County, NE",132,3471,3603,128,3482,3610,139,3458,3597,131,"3,481","3,612"
"1748","NE","Nuckolls County, NE",64,2340,2404,66,2312,2378,62,2295,2357,68,"2,295","2,363"
"1749","NE","Otoe County, NE",270,8159,8429,241,7918,8159,270,7872,8142,280,"7,971","8,251"
"1750","NE","Pawnee County, NE",43,1435,1478,38,1434,1472,45,1456,1501,37,"1,614","1,651"
"1751","NE","Perkins County, NE",42,1779,1821,36,1781,1817,34,1769,1803,39,"1,778","1,817"
"1752","NE","Phelps County, NE",131,4838,4969,114,4771,4885,112,4784,4896,123,"4,800","4,923"
"1753","NE","Pierce County, NE",110,3985,4095,111,3986,4097,110,3999,4109,109,"4,032","4,141"
"1754","NE","Platte County, NE",515,17153,17668,481,16928,17409,491,16725,17216,589,"16,364","16,953"
"1755","NE","Polk County, NE",81,2850,2931,71,2823,2894,68,2820,2888,76,"2,802","2,878"
"1756","NE","Red Willow County, NE",161,5689,5850,143,5688,5831,147,5683,5830,168,"5,800","5,968"
"1757","NE","Richardson County, NE",135,4103,4238,132,4105,4237,136,4069,4205,137,"4,096","4,233"
"1758","NE","Rock County, NE",27,844,871,22,865,887,23,879,902,23,"867","890"
"1759","NE","Saline County, NE",239,7133,7372,231,7196,7427,226,7156,7382,226,"7,115","7,341"
"1760","NE","Sarpy County, NE",2798,93801,96599,2657,92307,94964,2581,90440,93021,2674,"89,269","91,943"
"1761","NE","Saunders County, NE",311,10858,11169,315,10690,11005,301,10517,10818,333,"10,527","10,860"
"1762","NE","Scotts Bluff County, NE",673,17614,18287,617,17777,18394,625,17727,18352,657,"18,164","18,821"
"1763","NE","Seward County, NE",262,8669,8931,236,8561,8797,230,8370,8600,250,"8,493","8,743"
"1764","NE","Sheridan County, NE",74,2599,2673,70,2607,2677,71,2639,2710,78,"2,657","2,735"
"1765","NE","Sherman County, NE",54,1637,1691,46,1647,1693,48,1642,1690,55,"1,660","1,715"
"1766","NE","Sioux County, NE",21,725,746,20,721,741,22,732,754,21,"762","783"
"1767","NE","Stanton County, NE",91,3416,3507,89,3391,3480,97,3373,3470,90,"3,347","3,437"
"1768","NE","Thayer County, NE",74,2713,2787,66,2786,2852,64,2793,2857,71,"2,829","2,900"
"1769","NE","Thomas County, NE",15,408,423,13,423,436,14,421,435,15,"433","448"
"1770","NE","Thurston County, NE",138,2920,3058,125,2850,2975,148,2859,3007,144,"2,832","2,976"
"1771","NE","Valley County, NE",68,2057,2125,62,2018,2080,55,2052,2107,58,"2,031","2,089"
"1772","NE","Washington County, NE",329,10950,11279,324,10779,11103,343,10781,11124,354,"10,739","11,093"
"1773","NE","Wayne County, NE",150,5599,5749,144,5543,5687,134,5510,5644,149,"5,468","5,617"
"1774","NE","Webster County, NE",59,1619,1678,48,1597,1645,48,1611,1659,54,"1,657","1,711"
"1775","NE","Wheeler County, NE",16,556,572,14,559,573,13,569,582,12,"553","565"
"1776","NE","York County, NE",195,7083,7278,189,7112,7301,186,7130,7316,197,"7,117","7,314"
"1777","NV","Nevada",59976,1482476,1542452,66792,1436891,1503683,73126,1387628,1460754,81193,"1,344,258","1,425,451"
"1778","NV","Churchill County, NV",391,10666,11057,423,10598,11021,469,10091,10560,575,"9,810","10,385"
"1779","NV","Clark County, NV",45758,1085793,1131551,51401,1050577,1101978,55935,1016808,1072743,61027,"987,517","1,048,544"
"1780","NV","Douglas County, NV",910,22300,23210,969,21943,22912,1082,21371,22453,1248,"20,995","22,243"
"1781","NV","Elko County, NV",813,26549,27362,858,26595,27453,990,25879,26869,1200,"25,724","26,924"
"1782","NV","Esmeralda County, NV",16,418,434,21,403,424,20,466,486,24,"491","515"
"1783","NV","Eureka County, NV",26,1069,1095,28,1066,1094,32,1016,1048,45,"943","988"
"1784","NV","Humboldt County, NV",242,8009,8251,270,7791,8061,341,7735,8076,440,"7,612","8,052"
"1785","NV","Lander County, NV",102,3112,3214,111,3032,3143,141,2978,3119,195,"2,935","3,130"
"1786","NV","Lincoln County, NV",84,2029,2113,90,1974,2064,96,1923,2019,105,"1,880","1,985"
"1787","NV","Lyon County, NV",1098,22309,23407,1196,21138,22334,1303,20420,21723,1593,"19,674","21,267"
"1788","NV","Mineral County, NV",82,1948,2030,102,1869,1971,108,1877,1985,128,"1,883","2,011"
"1789","NV","Nye County, NV",882,16415,17297,941,15764,16705,1038,15132,16170,1173,"14,852","16,025"
"1790","NV","Pershing County, NV",103,2460,2563,104,2475,2579,116,2431,2547,145,"2,313","2,458"
"1791","NV","Storey County, NV",76,1962,2038,86,1905,1991,96,1824,1920,120,"1,786","1,906"
"1792","NV","Washoe County, NV",8224,247691,255915,8843,240837,249680,9906,229233,239139,11470,"218,347","229,817"
"1793","NV","White Pine County, NV",137,4499,4636,164,4414,4578,180,4292,4472,208,"4,276","4,484"
"1794","NV","Carson City, NV",1034,25248,26282,1186,24511,25697,1274,24153,25427,1499,"23,222","24,721"
"1795","NH","New Hampshire",19686,754054,773740,19576,743182,762758,20477,734205,754682,21434,"730,066","751,500"
"1796","NH","Belknap County, NH",796,30787,31583,800,30462,31262,831,30295,31126,890,"30,496","31,386"
"1797","NH","Carroll County, NH",608,23366,23974,610,23092,23702,634,22935,23569,698,"22,974","23,672"
"1798","NH","Cheshire County, NH",1070,39856,40926,1047,39680,40727,1071,39915,40986,1133,"40,269","41,402"
"1799","NH","Coos County, NH",468,14273,14741,472,14115,14587,503,13967,14470,552,"14,090","14,642"
"1800","NH","Grafton County, NH",1096,48784,49880,1045,48318,49363,1089,48232,49321,1152,"47,596","48,748"
"1801","NH","Hillsborough County, NH",6363,236216,242579,6344,231744,238088,6726,227400,234126,7020,"224,981","232,001"
"1802","NH","Merrimack County, NH",1890,81955,83845,1866,81104,82970,1960,80129,82089,2091,"79,835","81,926"
"1803","NH","Rockingham County, NH",5114,183326,188440,5184,180155,185339,5388,177806,183194,5503,"176,210","181,713"
"1804","NH","Strafford County, NH",1746,72875,74621,1708,71853,73561,1755,70794,72549,1845,"70,572","72,417"
"1805","NH","Sullivan County, NH",529,22616,23145,498,22661,23159,520,22733,23253,549,"23,044","23,593"
"1806","NJ","New Jersey",159792,4333333,4493125,181724,4250796,4432520,205939,4248743,4454682,222570,"4,251,211","4,473,781"
"1807","NJ","Atlantic County, NJ",6106,114622,120728,6933,111885,118818,8561,109953,118514,9091,"113,320","122,411"
"1808","NJ","Bergen County, NJ",14092,467946,482038,16070,458630,474700,18495,457269,475764,20043,"458,863","478,906"
"1809","NJ","Burlington County, NJ",7540,223049,230589,8487,219125,227612,9414,220557,229971,10272,"219,677","229,949"
"1810","NJ","Camden County, NJ",10242,242811,253053,11498,238635,250133,12872,240117,252989,13889,"238,479","252,368"
"1811","NJ","Cape May County, NJ",3287,42660,45947,3810,41687,45497,4235,41812,46047,4585,"42,016","46,601"
"1812","NJ","Cumberland County, NJ",3580,61481,65061,4128,60438,64566,4541,60702,65243,4961,"61,285","66,246"
"1813","NJ","Essex County, NJ",16414,352334,368748,18675,346431,365106,20773,347042,367815,22122,"346,140","368,262"
"1814","NJ","Gloucester County, NJ",5509,144238,149747,6199,141729,147928,7039,141994,149033,7537,"141,227","148,764"
"1815","NJ","Hudson County, NJ",11817,349372,361189,13664,342400,356064,15666,344859,360525,16796,"342,429","359,225"
"1816","NJ","Hunterdon County, NJ",1781,62742,64523,2037,61614,63651,2245,61304,63549,2422,"61,855","64,277"
"1817","NJ","Mercer County, NJ",6427,196458,202885,7147,191729,198876,8051,188988,197039,8587,"189,516","198,103"
"1818","NJ","Middlesex County, NJ",13602,425471,439073,15623,417089,432712,17833,418216,436049,19333,"415,904","435,237"
"1819","NJ","Monmouth County, NJ",10428,318233,328661,11772,312005,323777,13366,310646,324012,14534,"311,239","325,773"
"1820","NJ","Morris County, NJ",7235,249463,256698,8224,245258,253482,9280,245814,255094,10120,"248,057","258,177"
"1821","NJ","Ocean County, NJ",10147,264876,275023,11479,259747,271226,12871,254946,267817,13983,"253,333","267,316"
"1822","NJ","Passaic County, NJ",10429,231779,242208,12071,227105,239176,13805,227728,241533,15045,"228,552","243,597"
"1823","NJ","Salem County, NJ",1409,27771,29180,1558,27198,28756,1796,27367,29163,1919,"28,051","29,970"
"1824","NJ","Somerset County, NJ",5142,166229,171371,5754,163400,169154,6489,164062,170551,6982,"165,098","172,080"
"1825","NJ","Sussex County, NJ",2538,71425,73963,2848,70178,73026,3230,70045,73275,3531,"71,312","74,843"
"1826","NJ","Union County, NJ",10193,266189,276382,11643,261705,273348,13054,262077,275131,14236,"261,137","275,373"
"1827","NJ","Warren County, NJ",1875,54185,56060,2105,52807,54912,2324,53243,55567,2583,"53,719","56,302"
"1828","NM","New Mexico",46430,908166,954596,45914,892331,938245,54817,880442,935259,61753,"874,970","936,723"
"1829","NM","Bernalillo County, NM",14817,319048,333865,14646,313554,328200,17087,310374,327461,18759,"307,963","326,722"
"1830","NM","Catron County, NM",72,1081,1153,70,1043,1113,77,1082,1159,96,"1,108","1,204"
"1831","NM","Chaves County, NM",1326,25839,27165,1300,25756,27056,1678,25691,27369,1859,"26,172","28,031"
"1832","NM","Cibola County, NM",566,8425,8991,549,8348,8897,671,8400,9071,754,"8,546","9,300"
"1833","NM","Colfax County, NM",257,5226,5483,265,5216,5481,324,5347,5671,346,"5,482","5,828"
"1834","NM","Curry County, NM",897,20783,21680,855,20677,21532,1015,21203,22218,1097,"20,872","21,969"
"1835","NM","De Baca County, NM",34,761,795,34,729,763,37,809,846,39,"794","833"
"1836","NM","Dona Ana County, NM",5551,91976,97527,5416,90766,96182,6184,89235,95419,6771,"88,827","95,598"
"1837","NM","Eddy County, NM",1064,33419,34483,1036,30421,31457,1447,27623,29070,1842,"26,843","28,685"
"1838","NM","Grant County, NM",589,11639,12228,586,11668,12254,707,11497,12204,794,"11,666","12,460"
"1839","NM","Guadalupe County, NM",82,1467,1549,88,1528,1616,102,1536,1638,108,"1,583","1,691"
"1840","NM","Harding County, NM",14,259,273,14,263,277,17,264,281,19,"258","277"
"1841","NM","Hidalgo County, NM",89,2002,2091,82,2121,2203,103,2021,2124,120,"2,082","2,202"
"1842","NM","Lea County, NM",1228,30054,31282,1225,28664,29889,1731,26002,27733,2527,"25,200","27,727"
"1843","NM","Lincoln County, NM",414,8570,8984,391,8296,8687,457,8228,8685,508,"8,133","8,641"
"1844","NM","Los Alamos County, NM",300,9163,9463,306,8770,9076,334,8766,9100,368,"8,429","8,797"
"1845","NM","Luna County, NM",1262,9047,10309,1185,8919,10104,1405,9069,10474,1546,"9,225","10,771"
"1846","NM","McKinley County, NM",1697,22458,24155,1667,22071,23738,1989,22202,24191,2255,"22,120","24,375"
"1847","NM","Mora County, NM",133,2080,2213,137,2132,2269,167,2033,2200,193,"2,044","2,237"
"1848","NM","Otero County, NM",1223,23575,24798,1197,23403,24600,1448,23415,24863,1524,"23,949","25,473"
"1849","NM","Quay County, NM",167,3062,3229,152,3049,3201,190,3052,3242,216,"2,994","3,210"
"1850","NM","Rio Arriba County, NM",884,15951,16835,853,15709,16562,1020,15714,16734,1237,"15,519","16,756"
"1851","NM","Roosevelt County, NM",356,7545,7901,334,7464,7798,395,7576,7971,455,"7,613","8,068"
"1852","NM","Sandoval County, NM",3207,63268,66475,3199,62184,65383,3780,60568,64348,4172,"59,921","64,093"
"1853","NM","San Juan County, NM",2967,48974,51941,2972,49105,52077,3861,49896,53757,4701,"49,510","54,211"
"1854","NM","San Miguel County, NM",632,10177,10809,638,10241,10879,773,10157,10930,843,"10,245","11,088"
"1855","NM","Santa Fe County, NM",2963,72153,75116,3029,70875,73904,3550,69681,73231,3839,"69,657","73,496"
"1856","NM","Sierra County, NM",265,3628,3893,282,3796,4078,309,3844,4153,339,"3,721","4,060"
"1857","NM","Socorro County, NM",375,6071,6446,335,6088,6423,401,6174,6575,484,"6,194","6,678"
"1858","NM","Taos County, NM",915,14303,15218,963,13988,14951,1133,13891,15024,1243,"13,694","14,937"
"1859","NM","Torrance County, NM",387,5312,5699,422,5169,5591,455,5106,5561,496,"5,010","5,506"
"1860","NM","Union County, NM",65,1781,1846,58,1718,1776,68,1839,1907,75,"1,819","1,894"
"1861","NM","Valencia County, NM",1636,29074,30710,1628,28604,30232,1904,28149,30053,2130,"27,781","29,911"
"1862","NY","New York",376827,9137551,9514378,394170,9127699,9521869,448102,9100976,9549078,463671,"9,088,257","9,551,928"
"1863","NY","Albany County, NY",5745,151699,157444,5832,151688,157520,6659,151479,158138,6426,"152,009","158,435"
"1864","NY","Allegany County, NY",1061,18380,19441,1091,18390,19481,1300,18395,19695,1266,"18,786","20,052"
"1865","NY","Bronx County, NY",32035,565642,597677,34564,565365,599929,38258,567233,605491,43330,"563,965","607,295"
"1866","NY","Broome County, NY",3956,79488,83444,4101,80039,84140,4691,79840,84531,4655,"81,196","85,851"
"1867","NY","Cattaraugus County, NY",1712,32172,33884,1817,32225,34042,2120,32162,34282,2081,"32,768","34,849"
"1868","NY","Cayuga County, NY",1541,34411,35952,1607,34370,35977,1798,34077,35875,1855,"34,836","36,691"
"1869","NY","Chautauqua County, NY",2574,51976,54550,2760,52019,54779,3314,52119,55433,3256,"52,857","56,113"
"1870","NY","Chemung County, NY",1476,33543,35019,1635,33718,35353,1962,33705,35667,2071,"34,131","36,202"
"1871","NY","Chenango County, NY",982,21098,22080,1042,21285,22327,1190,21141,22331,1156,"21,673","22,829"
"1872","NY","Clinton County, NY",1582,34720,36302,1590,34677,36267,1900,34239,36139,1918,"33,877","35,795"
"1873","NY","Columbia County, NY",1005,30176,31181,1040,30215,31255,1176,29931,31107,1159,"30,301","31,460"
"1874","NY","Cortland County, NY",1118,21735,22853,1166,21690,22856,1322,21630,22952,1309,"21,673","22,982"
"1875","NY","Delaware County, NY",901,18216,19117,925,18153,19078,1045,17917,18962,1061,"18,159","19,220"
"1876","NY","Dutchess County, NY",5199,138841,144040,5297,138335,143632,6118,137197,143315,5956,"137,076","143,032"
"1877","NY","Erie County, NY",18783,422508,441291,19533,422609,442142,22844,421301,444145,21913,"423,157","445,070"
"1878","NY","Essex County, NY",805,16190,16995,826,16222,17048,937,16226,17163,920,"16,315","17,235"
"1879","NY","Franklin County, NY",966,18648,19614,1009,18591,19600,1193,18554,19747,1122,"18,666","19,788"
"1880","NY","Fulton County, NY",1139,21517,22656,1165,21647,22812,1332,21826,23158,1328,"21,891","23,219"
"1881","NY","Genesee County, NY",1172,28564,29736,1240,28491,29731,1408,28123,29531,1363,"28,363","29,726"
"1882","NY","Greene County, NY",913,19358,20271,941,19675,20616,1066,19443,20509,1038,"19,521","20,559"
"1883","NY","Hamilton County, NY",133,2081,2214,157,2132,2289,171,2145,2316,153,"2,210","2,363"
"1884","NY","Herkimer County, NY",1372,26560,27932,1369,26427,27796,1593,26428,28021,1538,"26,626","28,164"
"1885","NY","Jefferson County, NY",2471,41470,43941,2483,42010,44493,2922,42071,44993,2845,"42,804","45,649"
"1886","NY","Kings County, NY",48699,1149461,1198160,51610,1149779,1201389,57245,1152039,1209284,64804,"1,149,735","1,214,539"
"1887","NY","Lewis County, NY",645,10999,11644,647,10976,11623,768,10831,11599,788,"10,951","11,739"
"1888","NY","Livingston County, NY",1303,29423,30726,1327,29363,30690,1538,29101,30639,1532,"29,498","31,030"
"1889","NY","Madison County, NY",1470,31296,32766,1563,31097,32660,1781,30604,32385,1721,"30,973","32,694"
"1890","NY","Monroe County, NY",15047,346207,361254,15424,346548,361972,17785,344172,361957,17065,"346,126","363,191"
"1891","NY","Montgomery County, NY",1133,21173,22306,1158,21268,22426,1283,21240,22523,1275,"21,027","22,302"
"1892","NY","Nassau County, NY",24392,683726,708118,24865,681686,706551,28736,677660,706396,27342,"672,454","699,796"
"1893","NY","New York County, NY",31973,879665,911638,34089,880074,914163,37689,878936,916625,41733,"872,736","914,469"
"1894","NY","Niagara County, NY",4899,93887,98786,5187,93855,99042,6142,93300,99442,5832,"94,366","100,198"
"1895","NY","Oneida County, NY",4331,96839,101170,4492,96422,100914,5070,96696,101766,4920,"96,711","101,631"
"1896","NY","Onondaga County, NY",8674,211875,220549,8808,211006,219814,10248,209472,219720,9977,"211,142","221,119"
"1897","NY","Ontario County, NY",2152,53210,55362,2179,53202,55381,2454,52384,54838,2374,"52,680","55,054"
"1898","NY","Orange County, NY",7033,177952,184985,7151,176409,183560,8187,172521,180708,7728,"171,135","178,863"
"1899","NY","Orleans County, NY",827,16740,17567,868,16666,17534,1031,16491,17522,1014,"16,731","17,745"
"1900","NY","Oswego County, NY",2878,50082,52960,2886,49855,52741,3402,49308,52710,3439,"49,847","53,286"
"1901","NY","Otsego County, NY",1184,26876,28060,1222,26815,28037,1401,26621,28022,1385,"26,812","28,197"
"1902","NY","Putnam County, NY",1894,49336,51230,1883,49190,51073,2131,48730,50861,2017,"48,657","50,674"
"1903","NY","Queens County, NY",39401,1099996,1139397,41812,1100018,1141830,46947,1112183,1159130,52705,"1,105,906","1,158,611"
"1904","NY","Rensselaer County, NY",3059,78030,81089,3165,78026,81191,3584,77395,80979,3486,"78,055","81,541"
"1905","NY","Richmond County, NY",8585,213734,222319,9278,213493,222771,10333,209939,220272,11585,"209,238","220,823"
"1906","NY","Rockland County, NY",5532,149705,155237,5744,148705,154449,6641,146878,153519,6381,"146,098","152,479"
"1907","NY","St. Lawrence County, NY",2392,40902,43294,2432,40950,43382,2884,40431,43315,2857,"40,489","43,346"
"1908","NY","Saratoga County, NY",4022,114903,118925,4199,114911,119110,4687,113595,118282,4479,"112,961","117,440"
"1909","NY","Schenectady County, NY",2922,73106,76028,3058,73107,76165,3389,72511,75900,3282,"72,482","75,764"
"1910","NY","Schoharie County, NY",683,13954,14637,707,13917,14624,800,13864,14664,799,"13,921","14,720"
"1911","NY","Schuyler County, NY",376,7709,8085,422,7804,8226,475,7736,8211,498,"7,777","8,275"
"1912","NY","Seneca County, NY",613,15414,16027,621,15471,16092,730,15343,16073,737,"14,747","15,484"
"1913","NY","Steuben County, NY",1948,40572,42520,2106,40507,42613,2437,40231,42668,2514,"40,638","43,152"
"1914","NY","Suffolk County, NY",28846,749347,778193,29873,746685,776558,34735,741944,776679,33748,"740,123","773,871"
"1915","NY","Sullivan County, NY",1448,35205,36653,1473,34454,35927,1675,32621,34296,1626,"32,399","34,025"
"1916","NY","Tioga County, NY",941,21746,22687,999,21869,22868,1165,21580,22745,1181,"21,829","23,010"
"1917","NY","Tompkins County, NY",1794,47567,49361,1811,48205,50016,2160,47752,49912,2094,"48,257","50,351"
"1918","NY","Ulster County, NY",3305,84387,87692,3451,84817,88268,3994,84047,88041,3896,"84,242","88,138"
"1919","NY","Warren County, NY",1431,29868,31299,1469,30059,31528,1673,30168,31841,1682,"30,298","31,980"
"1920","NY","Washington County, NY",1133,26698,27831,1164,26774,27938,1305,26823,28128,1317,"27,018","28,335"
"1921","NY","Wayne County, NY",1765,42070,43835,1816,41958,43774,2162,41495,43657,2191,"41,789","43,980"
"1922","NY","Westchester County, NY",18224,466158,484382,18743,463315,482058,21602,459137,480739,20471,"457,221","477,692"
"1923","NY","Wyoming County, NY",795,17336,18131,834,17135,17969,1004,16903,17907,965,"17,137","18,102"
"1924","NY","Yates County, NY",442,11407,11849,445,11339,11784,508,11114,11622,517,"11,196","11,713"
"1925","NC","North Carolina",196569,4883875,5080444,198419,4787719,4986138,220494,4715754,4936248,246576,"4,613,476","4,860,052"
"1926","NC","Alamance County, NC",3138,79459,82597,3079,77779,80858,3365,76587,79952,3734,"75,209","78,943"
"1927","NC","Alexander County, NC",602,17557,18159,576,17370,17946,648,17329,17977,757,"17,078","17,835"
"1928","NC","Alleghany County, NC",210,4205,4415,197,4117,4314,219,4144,4363,243,"4,183","4,426"
"1929","NC","Anson County, NC",453,10381,10834,468,9950,10418,538,9988,10526,617,"10,043","10,660"
"1930","NC","Ashe County, NC",479,12429,12908,462,12239,12701,515,12149,12664,599,"11,909","12,508"
"1931","NC","Avery County, NC",281,7221,7502,280,7318,7598,324,7315,7639,381,"7,195","7,576"
"1932","NC","Beaufort County, NC",906,18672,19578,913,18768,19681,1000,18992,19992,1154,"19,153","20,307"
"1933","NC","Bertie County, NC",374,7448,7822,390,7447,7837,473,7607,8080,557,"7,879","8,436"
"1934","NC","Bladen County, NC",706,13923,14629,766,13613,14379,833,13589,14422,1005,"13,564","14,569"
"1935","NC","Brunswick County, NC",2812,51599,54411,2838,50347,53185,2880,48457,51337,3201,"46,504","49,705"
"1936","NC","Buncombe County, NC",4236,137723,141959,4185,134810,138995,4658,131958,136616,5186,"129,188","134,374"
"1937","NC","Burke County, NC",1539,39785,41324,1490,39348,40838,1680,38822,40502,1937,"37,921","39,858"
"1938","NC","Cabarrus County, NC",3916,106011,109927,3901,103182,107083,4297,100409,104706,4615,"96,569","101,184"
"1939","NC","Caldwell County, NC",1496,35370,36866,1414,34981,36395,1611,34907,36518,1860,"34,039","35,899"
"1940","NC","Camden County, NC",180,4481,4661,177,4529,4706,204,4524,4728,240,"4,419","4,659"
"1941","NC","Carteret County, NC",1340,30889,32229,1394,30498,31892,1404,30530,31934,1627,"29,947","31,574"
"1942","NC","Caswell County, NC",447,9477,9924,436,9392,9828,457,9312,9769,526,"9,164","9,690"
"1943","NC","Catawba County, NC",2854,76686,79540,2801,75869,78670,3229,75428,78657,3635,"73,255","76,890"
"1944","NC","Chatham County, NC",1215,34695,35910,1195,33913,35108,1312,32858,34170,1462,"33,065","34,527"
"1945","NC","Cherokee County, NC",502,10724,11226,506,10762,11268,551,10624,11175,632,"10,514","11,146"
"1946","NC","Chowan County, NC",262,5298,5560,250,5334,5584,293,5306,5599,358,"5,244","5,602"
"1947","NC","Clay County, NC",188,3960,4148,181,3943,4124,195,3757,3952,221,"3,830","4,051"
"1948","NC","Cleveland County, NC",1945,46793,48738,1911,45986,47897,2175,45316,47491,2556,"44,259","46,815"
"1949","NC","Columbus County, NC",1130,21811,22941,1126,21245,22371,1206,21083,22289,1447,"21,149","22,596"
"1950","NC","Craven County, NC",1719,40431,42150,1772,39757,41529,1919,39840,41759,2183,"39,576","41,759"
"1951","NC","Cumberland County, NC",6550,122306,128856,6656,120964,127620,7263,120440,127703,8134,"119,205","127,339"
"1952","NC","Currituck County, NC",508,13609,14117,504,13493,13997,585,12997,13582,666,"12,487","13,153"
"1953","NC","Dare County, NC",947,19116,20063,1031,18934,19965,1176,18936,20112,1350,"18,654","20,004"
"1954","NC","Davidson County, NC",3008,78747,81755,2967,77434,80401,3389,76250,79639,3826,"75,690","79,516"
"1955","NC","Davie County, NC",712,20161,20873,712,19829,20541,803,19545,20348,907,"19,265","20,172"
"1956","NC","Duplin County, NC",1030,24394,25424,1086,23955,25041,1225,24231,25456,1412,"25,094","26,506"
"1957","NC","Durham County, NC",5899,166460,172359,6000,162760,168760,6622,158652,165274,7290,"154,825","162,115"
"1958","NC","Edgecombe County, NC",1260,20179,21439,1483,20015,21498,1673,20266,21939,1943,"20,478","22,421"
"1959","NC","Forsyth County, NC",7084,182709,189793,7221,179681,186902,7993,176817,184810,8876,"173,776","182,652"
"1960","NC","Franklin County, NC",1262,30309,31571,1251,29510,30761,1391,28720,30111,1531,"27,816","29,347"
"1961","NC","Gaston County, NC",4333,107634,111967,4324,104754,109078,4935,102873,107808,5627,"100,025","105,652"
"1962","NC","Gates County, NC",218,5145,5363,215,5103,5318,231,5049,5280,266,"4,925","5,191"
"1963","NC","Graham County, NC",176,3080,3256,187,2995,3182,212,2917,3129,274,"2,828","3,102"
"1964","NC","Granville County, NC",1024,29219,30243,1030,28941,29971,1134,28893,30027,1264,"28,019","29,283"
"1965","NC","Greene County, NC",362,9215,9577,370,9163,9533,419,9132,9551,503,"9,021","9,524"
"1966","NC","Guilford County, NC",10845,254504,265349,11038,251040,262078,12287,248524,260811,13511,"244,973","258,484"
"1967","NC","Halifax County, NC",1175,19326,20501,1234,18949,20183,1483,19081,20564,1637,"19,047","20,684"
"1968","NC","Harnett County, NC",2468,51237,53705,2497,50382,52879,2658,49918,52576,2975,"48,486","51,461"
"1969","NC","Haywood County, NC",1027,29255,30282,1013,28640,29653,1153,27799,28952,1293,"27,193","28,486"
"1970","NC","Henderson County, NC",1839,53865,55704,1791,52734,54525,2017,51491,53508,2227,"50,072","52,299"
"1971","NC","Hertford County, NC",479,8746,9225,463,8664,9127,523,8663,9186,612,"8,704","9,316"
"1972","NC","Hoke County, NC",1003,19304,20307,1021,19088,20109,1137,18779,19916,1311,"18,605","19,916"
"1973","NC","Hyde County, NC",170,1807,1977,167,1849,2016,175,1924,2099,200,"1,910","2,110"
"1974","NC","Iredell County, NC",3242,86966,90208,3209,84645,87854,3639,82869,86508,4059,"80,506","84,565"
"1975","NC","Jackson County, NC",827,19130,19957,825,18728,19553,902,18165,19067,1022,"17,809","18,831"
"1976","NC","Johnston County, NC",3627,96347,99974,3572,93823,97395,3877,90532,94409,4281,"87,311","91,592"
"1977","NC","Jones County, NC",172,4264,4436,186,4196,4382,193,4215,4408,238,"4,277","4,515"
"1978","NC","Lee County, NC",1179,24995,26174,1167,25339,26506,1346,25230,26576,1540,"24,691","26,231"
"1979","NC","Lenoir County, NC",1066,27012,28078,1103,26768,27871,1235,26780,28015,1619,"26,032","27,651"
"1980","NC","Lincoln County, NC",1542,42284,43826,1485,41153,42638,1673,40245,41918,1935,"39,160","41,095"
"1981","NC","McDowell County, NC",802,20075,20877,722,20395,21117,842,20134,20976,1007,"20,008","21,015"
"1982","NC","Macon County, NC",610,15027,15637,608,14748,15356,699,14531,15230,819,"14,400","15,219"
"1983","NC","Madison County, NC",374,9909,10283,370,9701,10071,420,9549,9969,472,"9,230","9,702"
"1984","NC","Martin County, NC",463,8630,9093,466,8822,9288,533,9056,9589,662,"9,152","9,814"
"1985","NC","Mecklenburg County, NC",22786,603983,626769,23252,587780,611032,25599,575010,600609,27600,"555,878","583,478"
"1986","NC","Mitchell County, NC",281,5792,6073,272,5755,6027,314,5783,6097,378,"5,810","6,188"
"1987","NC","Montgomery County, NC",463,11143,11606,465,11068,11533,529,11223,11752,603,"11,097","11,700"
"1988","NC","Moore County, NC",1624,41263,42887,1584,39495,41079,1767,38107,39874,1980,"37,533","39,513"
"1989","NC","Nash County, NC",2099,41511,43610,2225,41167,43392,2603,41059,43662,2885,"41,043","43,928"
"1990","NC","New Hanover County, NC",4458,120673,125131,4665,116583,121248,4878,114537,119415,5469,"110,586","116,055"
"1991","NC","Northampton County, NC",406,7386,7792,391,7243,7634,478,7265,7743,567,"7,249","7,816"
"1992","NC","Onslow County, NC",3025,62388,65413,3132,61202,64334,3353,61201,64554,3505,"60,214","63,719"
"1993","NC","Orange County, NC",2603,76782,79385,2558,75056,77614,2867,73804,76671,3168,"71,765","74,933"
"1994","NC","Pamlico County, NC",205,5186,5391,222,5102,5324,246,5142,5388,285,"5,123","5,408"
"1995","NC","Pasquotank County, NC",773,16021,16794,818,16201,17019,951,16404,17355,1092,"16,305","17,397"
"1996","NC","Pender County, NC",1149,28001,29150,1189,27071,28260,1280,26691,27971,1419,"25,433","26,852"
"1997","NC","Perquimans County, NC",251,4741,4992,244,4780,5024,287,4851,5138,328,"4,773","5,101"
"1998","NC","Person County, NC",781,17790,18571,760,17398,18158,833,17194,18027,988,"17,048","18,036"
"1999","NC","Pitt County, NC",3846,86710,90556,3866,85686,89552,4304,84997,89301,4909,"83,304","88,213"
"2000","NC","Polk County, NC",346,8748,9094,341,8609,8950,367,8551,8918,409,"8,416","8,825"
"2001","NC","Randolph County, NC",2527,64451,66978,2509,63576,66085,2885,63744,66629,3291,"63,603","66,894"
"2002","NC","Richmond County, NC",883,15844,16727,910,15637,16547,995,15716,16711,1160,"15,630","16,790"
"2003","NC","Robeson County, NC",2733,47748,50481,2942,46772,49714,3236,46945,50181,4004,"46,545","50,549"
"2004","NC","Rockingham County, NC",1782,38791,40573,1850,38259,40109,2083,38481,40564,2305,"38,549","40,854"
"2005","NC","Rowan County, NC",2672,64079,66751,2618,62368,64986,3015,61737,64752,3569,"60,664","64,233"
"2006","NC","Rutherford County, NC",1245,24131,25376,1273,23520,24793,1477,23112,24589,1658,"23,153","24,811"
"2007","NC","Sampson County, NC",1136,28301,29437,1186,28096,29282,1385,28020,29405,1609,"27,908","29,517"
"2008","NC","Scotland County, NC",767,10832,11599,847,10629,11476,874,10626,11500,1061,"10,574","11,635"
"2009","NC","Stanly County, NC",1129,29309,30438,1081,28785,29866,1215,28556,29771,1357,"27,931","29,288"
"2010","NC","Stokes County, NC",787,21149,21936,794,20793,21587,908,20732,21640,1044,"20,830","21,874"
"2011","NC","Surry County, NC",1253,32947,34200,1205,32828,34033,1389,32222,33611,1600,"31,924","33,524"
"2012","NC","Swain County, NC",281,6737,7018,300,6620,6920,343,6501,6844,434,"6,684","7,118"
"2013","NC","Transylvania County, NC",551,14196,14747,544,13742,14286,607,13610,14217,679,"13,280","13,959"
"2014","NC","Tyrrell County, NC",88,1396,1484,93,1384,1477,114,1381,1495,129,"1,401","1,530"
"2015","NC","Union County, NC",4310,120533,124843,4286,117317,121603,4726,114401,119127,5092,"110,681","115,773"
"2016","NC","Vance County, NC",1013,16488,17501,1018,16400,17418,1100,16790,17890,1286,"16,718","18,004"
"2017","NC","Wake County, NC",20095,580731,600826,20092,565356,585448,22172,551245,573417,23879,"532,827","556,706"
"2018","NC","Warren County, NC",378,6260,6638,395,6164,6559,462,6362,6824,521,"6,622","7,143"
"2019","NC","Washington County, NC",263,4229,4492,277,4342,4619,312,4458,4770,360,"4,505","4,865"
"2020","NC","Watauga County, NC",1039,28640,29679,1022,27884,28906,1149,27422,28571,1254,"26,695","27,949"
"2021","NC","Wayne County, NC",2169,50225,52394,2283,50291,52574,2660,50743,53403,3118,"50,438","53,556"
"2022","NC","Wilkes County, NC",1197,28292,29489,1143,29009,30152,1303,29615,30918,1445,"28,759","30,204"
"2023","NC","Wilson County, NC",2024,33002,35026,2191,33089,35280,2572,33386,35958,2969,"33,517","36,486"
"2024","NC","Yadkin County, NC",616,17307,17923,599,17024,17623,690,17006,17696,771,"16,841","17,612"
"2025","NC","Yancey County, NC",318,8148,8466,299,7947,8246,336,7091,7427,385,"7,093","7,478"
"2026","ND","North Dakota",9575,394024,403599,10384,393199,403583,10929,398823,409752,12778,"399,691","412,469"
"2027","ND","Adams County, ND",23,1023,1046,21,1037,1058,28,1085,1113,29,"1,103","1,132"
"2028","ND","Barnes County, ND",156,4987,5143,139,5072,5211,152,5258,5410,179,"5,440","5,619"
"2029","ND","Benson County, ND",96,2177,2273,88,2202,2290,87,2298,2385,98,"2,336","2,434"
"2030","ND","Billings County, ND",11,419,430,12,410,422,14,425,439,13,"425","438"
"2031","ND","Bottineau County, ND",97,2838,2935,98,2876,2974,104,3000,3104,150,"3,077","3,227"
"2032","ND","Bowman County, ND",28,1686,1714,30,1600,1630,31,1720,1751,39,"1,796","1,835"
"2033","ND","Burke County, ND",24,1029,1053,25,1041,1066,34,1055,1089,52,"1,093","1,145"
"2034","ND","Burleigh County, ND",1180,48036,49216,1279,47881,49160,1245,49125,50370,1305,"49,297","50,602"
"2035","ND","Cass County, ND",2078,100269,102347,2296,99441,101737,2177,99495,101672,2239,"97,926","100,165"
"2036","ND","Cavalier County, ND",52,1830,1882,51,1912,1963,55,1997,2052,56,"2,059","2,115"
"2037","ND","Dickey County, ND",43,2238,2281,43,2342,2385,44,2458,2502,49,"2,496","2,545"
"2038","ND","Divide County, ND",20,1419,1439,20,1500,1520,26,1554,1580,44,"1,639","1,683"
"2039","ND","Dunn County, ND",51,3102,3153,49,2982,3031,68,3089,3157,102,"3,145","3,247"
"2040","ND","Eddy County, ND",54,1159,1213,60,1174,1234,60,1208,1268,55,"1,223","1,278"
"2041","ND","Emmons County, ND",59,1369,1428,70,1403,1473,62,1484,1546,69,"1,515","1,584"
"2042","ND","Foster County, ND",41,1456,1497,41,1543,1584,41,1612,1653,50,"1,635","1,685"
"2043","ND","Golden Valley County, ND",15,815,830,17,864,881,19,912,931,26,"945","971"
"2044","ND","Grand Forks County, ND",773,36332,37105,839,36874,37713,868,38015,38883,914,"37,883","38,797"
"2045","ND","Grant County, ND",27,1152,1179,31,1169,1200,38,1238,1276,39,"1,257","1,296"
"2046","ND","Griggs County, ND",25,988,1013,23,1023,1046,33,1088,1121,33,"1,126","1,159"
"2047","ND","Hettinger County, ND",27,1334,1361,28,1365,1393,28,1443,1471,46,"1,493","1,539"
"2048","ND","Kidder County, ND",50,1197,1247,57,1235,1292,49,1311,1360,52,"1,323","1,375"
"2049","ND","LaMoure County, ND",43,1993,2036,41,2064,2105,43,2220,2263,55,"2,259","2,314"
"2050","ND","Logan County, ND",20,840,860,22,869,891,24,919,943,34,"926","960"
"2051","ND","McHenry County, ND",106,2924,3030,121,2981,3102,142,3143,3285,165,"3,209","3,374"
"2052","ND","McIntosh County, ND",33,1071,1104,30,1108,1138,32,1190,1222,38,"1,202","1,240"
"2053","ND","McKenzie County, ND",160,10138,10298,152,8869,9021,205,7931,8136,299,"7,644","7,943"
"2054","ND","McLean County, ND",147,4516,4663,155,4571,4726,160,4840,5000,176,"4,890","5,066"
"2055","ND","Mercer County, ND",150,3427,3577,164,3756,3920,180,4254,4434,204,"4,447","4,651"
"2056","ND","Morton County, ND",478,15713,16191,521,15723,16244,518,16076,16594,547,"16,239","16,786"
"2057","ND","Mountrail County, ND",101,7211,7312,110,6932,7042,145,6846,6991,212,"6,916","7,128"
"2058","ND","Nelson County, ND",43,1330,1373,46,1357,1403,46,1439,1485,52,"1,481","1,533"
"2059","ND","Oliver County, ND",32,829,861,35,838,873,38,872,910,49,"849","898"
"2060","ND","Pembina County, ND",114,3189,3303,131,3222,3353,148,3363,3511,183,"3,475","3,658"
"2061","ND","Pierce County, ND",55,1651,1706,56,1707,1763,60,1817,1877,75,"1,822","1,897"
"2062","ND","Ramsey County, ND",163,5388,5551,158,5469,5627,159,5690,5849,175,"5,968","6,143"
"2063","ND","Ransom County, ND",48,2741,2789,53,2762,2815,55,2753,2808,64,"2,774","2,838"
"2064","ND","Renville County, ND",30,1173,1203,29,1183,1212,33,1234,1267,50,"1,257","1,307"
"2065","ND","Richland County, ND",200,8330,8530,224,8448,8672,212,8579,8791,244,"8,655","8,899"
"2066","ND","Rolette County, ND",376,4192,4568,434,4224,4658,504,4314,4818,539,"4,444","4,983"
"2067","ND","Sargent County, ND",47,2587,2634,47,2490,2537,49,2328,2377,45,"2,286","2,331"
"2068","ND","Sheridan County, ND",29,642,671,31,651,682,33,698,731,42,"695","737"
"2069","ND","Sioux County, ND",48,1185,1233,50,1190,1240,49,1241,1290,59,"1,279","1,338"
"2070","ND","Slope County, ND",9,384,393,9,389,398,9,417,426,11,"425","436"
"2071","ND","Stark County, ND",374,18087,18461,434,17737,18171,491,17453,17944,706,"17,370","18,076"
"2072","ND","Steele County, ND",20,947,967,20,976,996,18,1036,1054,23,"1,051","1,074"
"2073","ND","Stutsman County, ND",235,9989,10224,259,10249,10508,260,10670,10930,273,"10,800","11,073"
"2074","ND","Towner County, ND",31,1090,1121,30,1152,1182,32,1210,1242,30,"1,302","1,332"
"2075","ND","Traill County, ND",114,4224,4338,115,4306,4421,113,4464,4577,128,"4,469","4,597"
"2076","ND","Walsh County, ND",167,4942,5109,163,5100,5263,189,5381,5570,214,"5,445","5,659"
"2077","ND","Ward County, ND",780,30614,31394,897,30842,31739,1070,31396,32466,1380,"32,142","33,522"
"2078","ND","Wells County, ND",58,1832,1890,60,1917,1977,70,2067,2137,85,"2,105","2,190"
"2079","ND","Williams County, ND",438,23989,24427,470,23171,23641,577,22112,22689,985,"21,636","22,621"
"2080","OH","Ohio",238746,5563572,5802318,259066,5521681,5780747,287186,5491543,5778729,288590,"5,454,611","5,743,201"
"2081","OH","Adams County, OH",733,9984,10717,765,10130,10895,785,10106,10891,827,"10,112","10,939"
"2082","OH","Allen County, OH",1929,45937,47866,2134,45754,47888,2434,46130,48564,2434,"45,808","48,242"
"2083","OH","Ashland County, OH",1114,25687,26801,1191,24979,26170,1296,24924,26220,1340,"24,910","26,250"
"2084","OH","Ashtabula County, OH",2125,42334,44459,2320,42086,44406,2614,41506,44120,2712,"41,494","44,206"
"2085","OH","Athens County, OH",1468,26226,27694,1572,26283,27855,1723,26596,28319,1803,"26,205","28,008"
"2086","OH","Auglaize County, OH",750,24230,24980,806,23828,24634,916,23757,24673,923,"23,687","24,610"
"2087","OH","Belmont County, OH",1684,28469,30153,1665,28868,30533,1929,28407,30336,2326,"28,674","31,000"
"2088","OH","Brown County, OH",975,18619,19594,1042,18403,19445,1120,18363,19483,1135,"18,350","19,485"
"2089","OH","Butler County, OH",7362,187729,195091,7994,185551,193545,8568,183718,192286,8580,"180,784","189,364"
"2090","OH","Carroll County, OH",642,12317,12959,685,12287,12972,778,12461,13239,924,"12,508","13,432"
"2091","OH","Champaign County, OH",738,19295,20033,757,19144,19901,824,19071,19895,900,"18,974","19,874"
"2092","OH","Clark County, OH",2733,60520,63253,2874,60202,63076,3101,60528,63629,3350,"60,203","63,553"
"2093","OH","Clermont County, OH",3986,102846,106832,4337,101651,105988,4639,100545,105184,4640,"99,226","103,866"
"2094","OH","Clinton County, OH",833,16849,17682,919,16630,17549,958,16454,17412,1005,"16,158","17,163"
"2095","OH","Columbiana County, OH",2290,45105,47395,2426,44808,47234,2850,44797,47647,3251,"45,115","48,366"
"2096","OH","Coshocton County, OH",841,13536,14377,886,13519,14405,1003,13665,14668,1069,"13,920","14,989"
"2097","OH","Crawford County, OH",852,17356,18208,943,17078,18021,1085,17719,18804,1162,"18,001","19,163"
"2098","OH","Cuyahoga County, OH",25605,588912,614517,29374,586824,616198,34456,583182,617638,33579,"583,926","617,505"
"2099","OH","Darke County, OH",949,24863,25812,1002,24852,25854,1108,25162,26270,1092,"25,272","26,364"
"2100","OH","Defiance County, OH",763,17322,18085,800,17397,18197,896,17489,18385,912,"17,461","18,373"
"2101","OH","Delaware County, OH",3462,106887,110349,3690,105317,109007,3826,103221,107047,3810,"101,003","104,813"
"2102","OH","Erie County, OH",1840,35383,37223,2108,35788,37896,2342,35764,38106,2068,"35,341","37,409"
"2103","OH","Fairfield County, OH",2903,75118,78021,3130,74020,77150,3312,73727,77039,3300,"72,627","75,927"
"2104","OH","Fayette County, OH",539,13330,13869,579,13513,14092,611,13761,14372,646,"13,836","14,482"
"2105","OH","Franklin County, OH",24570,673069,697639,26298,663145,689443,27844,654273,682117,27660,"638,923","666,583"
"2106","OH","Fulton County, OH",929,21526,22455,978,21342,22320,1106,21340,22446,1061,"21,607","22,668"
"2107","OH","Gallia County, OH",662,11496,12158,739,11550,12289,815,11457,12272,831,"11,291","12,122"
"2108","OH","Geauga County, OH",1708,47586,49294,1944,47425,49369,2246,47081,49327,2167,"47,319","49,486"
"2109","OH","Greene County, OH",3116,80130,83246,3332,79369,82701,3526,78882,82408,3546,"77,519","81,065"
"2110","OH","Guernsey County, OH",1016,17607,18623,1029,17721,18750,1144,17786,18930,1345,"17,538","18,883"
"2111","OH","Hamilton County, OH",15743,400359,416102,16929,395700,412629,18063,392106,410169,18030,"386,761","404,791"
"2112","OH","Hancock County, OH",1324,40525,41849,1409,39942,41351,1510,40050,41560,1538,"39,908","41,446"
"2113","OH","Hardin County, OH",580,13232,13812,611,13405,14016,712,13625,14337,722,"13,650","14,372"
"2114","OH","Harrison County, OH",357,6443,6800,361,6565,6926,427,6700,7127,535,"6,432","6,967"
"2115","OH","Henry County, OH",611,12654,13265,653,12644,13297,702,12807,13509,731,"12,869","13,600"
"2116","OH","Highland County, OH",881,16155,17036,944,16194,17138,1023,16101,17124,1079,"15,845","16,924"
"2117","OH","Hocking County, OH",600,12484,13084,658,12301,12959,712,12352,13064,730,"12,275","13,005"
"2118","OH","Holmes County, OH",623,20160,20783,673,19979,20652,739,20039,20778,761,"20,222","20,983"
"2119","OH","Huron County, OH",1604,26381,27985,1638,26316,27954,1809,26320,28129,1840,"26,267","28,107"
"2120","OH","Jackson County, OH",787,11891,12678,831,11957,12788,922,11959,12881,1011,"11,786","12,797"
"2121","OH","Jefferson County, OH",1628,26101,27729,1734,25940,27674,2051,25748,27799,2428,"26,469","28,897"
"2122","OH","Knox County, OH",1244,30306,31550,1359,30020,31379,1413,29874,31287,1453,"29,766","31,219"
"2123","OH","Lake County, OH",4673,122045,126718,5421,121618,127039,6203,120301,126504,6033,"119,629","125,662"
"2124","OH","Lawrence County, OH",1231,22549,23780,1326,22471,23797,1433,22582,24015,1620,"23,123","24,743"
"2125","OH","Licking County, OH",3362,87159,90521,3539,85887,89426,3770,84997,88767,3892,"84,323","88,215"
"2126","OH","Logan County, OH",829,22036,22865,857,22270,23127,963,22539,23502,983,"22,330","23,313"
"2127","OH","Lorain County, OH",6593,147587,154180,7592,147076,154668,9059,145104,154163,9026,"144,544","153,570"
"2128","OH","Lucas County, OH",9792,200417,210209,10953,198680,209633,12436,197796,210232,10972,"199,375","210,347"
"2129","OH","Madison County, OH",713,20091,20804,782,19803,20585,804,19779,20583,805,"19,524","20,329"
"2130","OH","Mahoning County, OH",5901,97180,103081,6133,98091,104224,7257,97823,105080,6802,"99,115","105,917"
"2131","OH","Marion County, OH",1152,27292,28444,1256,27215,28471,1422,26630,28052,1417,"26,312","27,729"
"2132","OH","Medina County, OH",3337,94520,97857,3790,94194,97984,4386,93026,97412,4176,"92,570","96,746"
"2133","OH","Meigs County, OH",629,8428,9057,645,8319,8964,733,8227,8960,768,"8,183","8,951"
"2134","OH","Mercer County, OH",611,22787,23398,647,22978,23625,723,22757,23480,770,"22,645","23,415"
"2135","OH","Miami County, OH",1992,52125,54117,2094,51632,53726,2279,51170,53449,2323,"50,669","52,992"
"2136","OH","Monroe County, OH",442,4903,5345,401,4787,5188,434,4720,5154,595,"4,724","5,319"
"2137","OH","Montgomery County, OH",10589,241945,252534,11354,239637,250991,12338,239204,251542,12415,"237,552","249,967"
"2138","OH","Morgan County, OH",434,6280,6714,400,6310,6710,454,6238,6692,563,"6,188","6,751"
"2139","OH","Morrow County, OH",691,16124,16815,766,15889,16655,831,15893,16724,852,"15,909","16,761"
"2140","OH","Muskingum County, OH",1940,37592,39532,2087,37457,39544,2261,37495,39756,2410,"37,314","39,724"
"2141","OH","Noble County, OH",322,4377,4699,316,4451,4767,344,4419,4763,429,"4,462","4,891"
"2142","OH","Ottawa County, OH",1188,19862,21050,1323,19773,21096,1427,19763,21190,1365,"19,659","21,024"
"2143","OH","Paulding County, OH",331,8297,8628,355,8396,8751,394,8485,8879,410,"8,462","8,872"
"2144","OH","Perry County, OH",827,15087,15914,884,14868,15752,964,14917,15881,1019,"14,866","15,885"
"2145","OH","Pickaway County, OH",1056,25404,26460,1124,25036,26160,1228,25038,26266,1273,"24,921","26,194"
"2146","OH","Pike County, OH",669,10155,10824,704,10163,10867,759,10091,10850,816,"9,988","10,804"
"2147","OH","Portage County, OH",3688,83621,87309,3951,82995,86946,4417,82978,87395,4402,"82,692","87,094"
"2148","OH","Preble County, OH",794,20342,21136,858,20306,21164,948,20221,21169,1008,"20,004","21,012"
"2149","OH","Putnam County, OH",582,18235,18817,623,18039,18662,672,18196,18868,696,"18,197","18,893"
"2150","OH","Richland County, OH",2362,49884,52246,2584,50245,52829,2912,50259,53171,2977,"50,416","53,393"
"2151","OH","Ross County, OH",1489,33829,35318,1570,33220,34790,1757,32430,34187,1877,"31,950","33,827"
"2152","OH","Sandusky County, OH",1313,29193,30506,1393,29484,30877,1487,29809,31296,1473,"29,541","31,014"
"2153","OH","Scioto County, OH",1806,27056,28862,1944,27024,28968,2097,27483,29580,2325,"27,543","29,868"
"2154","OH","Seneca County, OH",1129,26184,27313,1196,26015,27211,1300,26067,27367,1337,"25,803","27,140"
"2155","OH","Shelby County, OH",853,23325,24178,899,23078,23977,997,23011,24008,1005,"23,059","24,064"
"2156","OH","Stark County, OH",8384,177352,185736,9092,176955,186047,9776,177263,187039,10227,"176,173","186,400"
"2157","OH","Summit County, OH",11651,260690,272341,12618,258743,271361,13900,259223,273123,13992,"258,318","272,310"
"2158","OH","Trumbull County, OH",5318,81440,86758,5433,82192,87625,6437,82628,89065,6151,"84,249","90,400"
"2159","OH","Tuscarawas County, OH",1932,42908,44840,2024,42533,44557,2284,43080,45364,2602,"42,402","45,004"
"2160","OH","Union County, OH",933,28041,28974,992,27638,28630,1064,27296,28360,1068,"26,715","27,783"
"2161","OH","Van Wert County, OH",491,14563,15054,505,13901,14406,570,13919,14489,582,"13,718","14,300"
"2162","OH","Vinton County, OH",314,5246,5560,339,5158,5497,376,5080,5456,387,"5,066","5,453"
"2163","OH","Warren County, OH",4179,115000,119179,4543,113665,118208,4809,111495,116304,4788,"109,770","114,558"
"2164","OH","Washington County, OH",1472,25918,27390,1520,25634,27154,1711,25569,27280,1950,"25,819","27,769"
"2165","OH","Wayne County, OH",2012,60061,62073,2193,58905,61098,2415,59198,61613,2454,"58,742","61,196"
"2166","OH","Williams County, OH",629,18363,18992,686,18264,18950,834,18150,18984,864,"18,154","19,018"
"2167","OH","Wood County, OH",2608,68553,71161,2825,67961,70786,3118,67475,70593,2969,"67,655","70,624"
"2168","OH","Wyandot County, OH",406,12569,12975,407,12304,12711,469,12168,12637,473,"12,196","12,669"
"2169","OK","Oklahoma",60658,1780551,1841209,63045,1777564,1840609,77515,1758210,1835725,87946,"1,743,766","1,831,712"
"2170","OK","Adair County, OK",335,7726,8061,343,7834,8177,406,7833,8239,475,"7,685","8,160"
"2171","OK","Alfalfa County, OK",58,2761,2819,63,2836,2899,78,2882,2960,98,"2,871","2,969"
"2172","OK","Atoka County, OK",214,4706,4920,211,4860,5071,273,4922,5195,332,"4,733","5,065"
"2173","OK","Beaver County, OK",57,2819,2876,61,2956,3017,78,2961,3039,90,"2,799","2,889"
"2174","OK","Beckham County, OK",332,10162,10494,298,11121,11419,434,10876,11310,793,"10,249","11,042"
"2175","OK","Blaine County, OK",95,4655,4750,91,4391,4482,128,4498,4626,162,"4,233","4,395"
"2176","OK","Bryan County, OK",650,20684,21334,670,20293,20963,779,19633,20412,839,"18,686","19,525"
"2177","OK","Caddo County, OK",422,11346,11768,437,11689,12126,542,11849,12391,632,"11,302","11,934"
"2178","OK","Canadian County, OK",2122,72123,74245,2045,71503,73548,2486,68680,71166,2764,"66,703","69,467"
"2179","OK","Carter County, OK",740,20772,21512,784,21359,22143,1012,21479,22491,1175,"21,563","22,738"
"2180","OK","Cherokee County, OK",748,17989,18737,799,18025,18824,1027,18165,19192,1060,"18,242","19,302"
"2181","OK","Choctaw County, OK",262,5166,5428,286,5409,5695,349,5381,5730,439,"5,321","5,760"
"2182","OK","Cimarron County, OK",23,1301,1324,26,1351,1377,33,1386,1419,35,"1,382","1,417"
"2183","OK","Cleveland County, OK",4046,138776,142822,4133,137478,141611,4878,135066,139944,5309,"133,954","139,263"
"2184","OK","Coal County, OK",97,2383,2480,86,2208,2294,121,2155,2276,170,"2,153","2,323"
"2185","OK","Comanche County, OK",1761,46396,48157,1902,46458,48360,2141,46848,48989,2276,"47,211","49,487"
"2186","OK","Cotton County, OK",86,2632,2718,86,2650,2736,112,2690,2802,138,"2,754","2,892"
"2187","OK","Craig County, OK",211,5715,5926,212,5882,6094,264,5837,6101,302,"5,956","6,258"
"2188","OK","Creek County, OK",1171,30465,31636,1209,30285,31494,1562,29977,31539,1829,"29,697","31,526"
"2189","OK","Custer County, OK",396,15279,15675,384,15291,15675,495,14943,15438,691,"14,519","15,210"
"2190","OK","Delaware County, OK",686,17304,17990,711,17256,17967,810,17790,18600,879,"17,105","17,984"
"2191","OK","Dewey County, OK",62,2829,2891,53,2716,2769,72,2454,2526,108,"2,569","2,677"
"2192","OK","Ellis County, OK",54,2102,2156,48,2152,2200,70,2157,2227,86,"2,171","2,257"
"2193","OK","Garfield County, OK",814,26255,27069,833,26396,27229,1067,26774,27841,1265,"27,756","29,021"
"2194","OK","Garvin County, OK",402,12174,12576,418,12262,12680,523,12126,12649,679,"12,046","12,725"
"2195","OK","Grady County, OK",817,25657,26474,812,25497,26309,1048,25051,26099,1295,"24,818","26,113"
"2196","OK","Grant County, OK",56,2594,2650,57,2680,2737,74,2818,2892,96,"2,911","3,007"
"2197","OK","Greer County, OK",78,1758,1836,80,1886,1966,107,1955,2062,162,"2,030","2,192"
"2198","OK","Harmon County, OK",34,1140,1174,35,1172,1207,48,1226,1274,49,"1,244","1,293"
"2199","OK","Harper County, OK",51,1697,1748,41,1753,1794,57,1820,1877,73,"1,838","1,911"
"2200","OK","Haskell County, OK",223,3994,4217,216,4004,4220,286,4086,4372,372,"4,135","4,507"
"2201","OK","Hughes County, OK",259,5057,5316,225,5134,5359,299,5114,5413,400,"5,119","5,519"
"2202","OK","Jackson County, OK",313,10337,10650,327,10428,10755,407,10451,10858,483,"10,529","11,012"
"2203","OK","Jefferson County, OK",81,2425,2506,88,2498,2586,137,2361,2498,193,"2,519","2,712"
"2204","OK","Johnston County, OK",162,3593,3755,154,5045,5199,199,4847,5046,256,"4,121","4,377"
"2205","OK","Kay County, OK",781,17526,18307,888,18044,18932,1032,18208,19240,1195,"17,766","18,961"
"2206","OK","Kingfisher County, OK",187,8955,9142,191,8736,8927,240,8483,8723,280,"8,177","8,457"
"2207","OK","Kiowa County, OK",130,3323,3453,147,3380,3527,206,3727,3933,219,"3,894","4,113"
"2208","OK","Latimer County, OK",198,2937,3135,193,3025,3218,252,3146,3398,321,"3,407","3,728"
"2209","OK","Le Flore County, OK",894,18141,19035,890,18305,19195,1112,18261,19373,1362,"18,411","19,773"
"2210","OK","Lincoln County, OK",557,15219,15776,562,15134,15696,683,15111,15794,844,"15,049","15,893"
"2211","OK","Logan County, OK",636,21445,22081,674,21289,21963,793,20901,21694,872,"20,723","21,595"
"2212","OK","Love County, OK",140,6030,6170,139,6294,6433,194,6396,6590,207,"6,370","6,577"
"2213","OK","McClain County, OK",536,19092,19628,545,18995,19540,674,18578,19252,779,"18,197","18,976"
"2214","OK","McCurtain County, OK",813,13570,14383,779,13376,14155,922,13851,14773,1058,"13,764","14,822"
"2215","OK","McIntosh County, OK",413,6654,7067,406,6460,6866,531,6420,6951,629,"6,437","7,066"
"2216","OK","Major County, OK",83,3788,3871,86,3925,4011,126,3898,4024,164,"3,833","3,997"
"2217","OK","Marshall County, OK",238,6642,6880,257,6495,6752,305,6277,6582,334,"6,287","6,621"
"2218","OK","Mayes County, OK",609,18802,19411,670,19160,19830,906,18357,19263,990,"18,470","19,460"
"2219","OK","Murray County, OK",190,6117,6307,190,6296,6486,236,6171,6407,286,"6,064","6,350"
"2220","OK","Muskogee County, OK",1150,28418,29568,1181,28058,29239,1495,28092,29587,1614,"28,042","29,656"
"2221","OK","Noble County, OK",139,5530,5669,149,5579,5728,188,5577,5765,204,"5,562","5,766"
"2222","OK","Nowata County, OK",159,4434,4593,195,4429,4624,248,4372,4620,286,"4,406","4,692"
"2223","OK","Okfuskee County, OK",212,4402,4614,214,4290,4504,267,4199,4466,277,"4,280","4,557"
"2224","OK","Oklahoma County, OK",12099,372632,384731,12766,369308,382074,15023,363326,378349,16068,"359,374","375,442"
"2225","OK","Okmulgee County, OK",769,14943,15712,777,14866,15643,997,14960,15957,1159,"15,010","16,169"
"2226","OK","Osage County, OK",783,19921,20704,896,19806,20702,1066,19720,20786,1212,"19,877","21,089"
"2227","OK","Ottawa County, OK",478,13599,14077,500,13873,14373,625,13878,14503,726,"13,754","14,480"
"2228","OK","Pawnee County, OK",289,7074,7363,307,7049,7356,392,7019,7411,496,"7,002","7,498"
"2229","OK","Payne County, OK",1094,36836,37930,1146,37538,38684,1377,37556,38933,1444,"37,500","38,944"
"2230","OK","Pittsburg County, OK",723,16406,17129,694,17183,17877,929,16856,17785,1082,"16,566","17,648"
"2231","OK","Pontotoc County, OK",593,18451,19044,578,18095,18673,695,17912,18607,751,"17,722","18,473"
"2232","OK","Pottawatomie County, OK",1173,31169,32342,1217,31391,32608,1354,31718,33072,1527,"31,563","33,090"
"2233","OK","Pushmataha County, OK",212,4066,4278,235,4266,4501,291,4447,4738,355,"4,525","4,880"
"2234","OK","Roger Mills County, OK",56,1822,1878,45,1833,1878,61,1824,1885,93,"1,720","1,813"
"2235","OK","Rogers County, OK",1392,43759,45151,1495,43436,44931,1953,42713,44666,2252,"42,673","44,925"
"2236","OK","Seminole County, OK",455,8979,9434,452,9053,9505,534,8924,9458,653,"8,798","9,451"
"2237","OK","Sequoyah County, OK",666,15502,16168,710,15648,16358,901,15701,16602,1053,"15,804","16,857"
"2238","OK","Stephens County, OK",799,17737,18536,735,17802,18537,1117,17102,18219,1805,"17,237","19,042"
"2239","OK","Texas County, OK",220,10969,11189,248,8784,9032,290,9088,9378,318,"9,092","9,410"
"2240","OK","Tillman County, OK",110,2879,2989,116,2985,3101,137,3136,3273,147,"3,168","3,315"
"2241","OK","Tulsa County, OK",10273,313397,323670,10868,311337,322205,13557,306501,320058,14842,"303,683","318,525"
"2242","OK","Wagoner County, OK",1193,36806,37999,1264,36563,37827,1612,35489,37101,1746,"34,903","36,649"
"2243","OK","Washington County, OK",763,21547,22310,901,22043,22944,1041,22221,23262,1168,"22,786","23,954"
"2244","OK","Washita County, OK",175,5028,5203,161,5116,5277,235,5142,5377,368,"4,958","5,326"
"2245","OK","Woods County, OK",96,4505,4601,100,4546,4646,127,4802,4929,168,"5,056","5,224"
"2246","OK","Woodward County, OK",261,8727,8988,255,9018,9273,388,9065,9453,590,"8,936","9,526"
"2247","OR","Oregon",78769,2025300,2104069,84967,2012235,2097202,85976,2002804,2088780,98556,"1,948,757","2,047,313"
"2248","OR","Baker County, OR",331,6789,7120,376,6751,7127,383,6624,7007,438,"6,513","6,951"
"2249","OR","Benton County, OR",1415,46736,48151,1497,46727,48224,1564,46719,48283,1836,"44,947","46,783"
"2250","OR","Clackamas County, OR",7425,212043,219468,7979,210191,218170,8086,209351,217437,9266,"203,367","212,633"
"2251","OR","Clatsop County, OR",726,18659,19385,772,18496,19268,789,18429,19218,897,"18,120","19,017"
"2252","OR","Columbia County, OR",1097,23340,24437,1207,23120,24327,1244,23006,24250,1441,"22,171","23,612"
"2253","OR","Coos County, OR",1273,24874,26147,1390,24856,26246,1452,25007,26459,1689,"24,745","26,434"
"2254","OR","Crook County, OR",510,9083,9593,557,8953,9510,597,8821,9418,648,"8,693","9,341"
"2255","OR","Curry County, OR",463,8432,8895,533,8420,8953,544,8422,8966,611,"8,432","9,043"
"2256","OR","Deschutes County, OR",3732,92361,96093,3931,91160,95091,3954,89287,93241,4370,"85,483","89,853"
"2257","OR","Douglas County, OR",2276,44063,46339,2446,44054,46500,2467,43747,46214,2867,"42,826","45,693"
"2258","OR","Gilliam County, OR",35,912,947,33,825,858,36,819,855,49,"788","837"
"2259","OR","Grant County, OR",221,2964,3185,219,2921,3140,217,2916,3133,238,"2,870","3,108"
"2260","OR","Harney County, OR",190,3387,3577,210,3329,3539,214,3196,3410,214,"3,209","3,423"
"2261","OR","Hood River County, OR",458,14012,14470,471,14011,14482,514,13831,14345,576,"13,330","13,906"
"2262","OR","Jackson County, OR",4501,98950,103451,4873,99404,104277,4883,98355,103238,5826,"95,552","101,378"
"2263","OR","Jefferson County, OR",512,9613,10125,545,9635,10180,559,9415,9974,652,"9,207","9,859"
"2264","OR","Josephine County, OR",1782,34004,35786,1939,33693,35632,1883,33288,35171,2220,"32,061","34,281"
"2265","OR","Klamath County, OR",1806,27485,29291,1845,27720,29565,1747,27801,29548,1980,"27,242","29,222"
"2266","OR","Lake County, OR",195,3433,3628,196,3384,3580,200,3309,3509,220,"3,232","3,452"
"2267","OR","Lane County, OR",7317,173271,180588,7968,173399,181367,8057,173411,181468,9067,"169,361","178,428"
"2268","OR","Lincoln County, OR",901,19947,20848,1007,20056,21063,1007,20088,21095,1172,"19,721","20,893"
"2269","OR","Linn County, OR",2529,56191,58720,2711,56053,58764,2741,55063,57804,3241,"53,574","56,815"
"2270","OR","Malheur County, OR",510,11804,12314,558,11882,12440,581,11963,12544,688,"11,787","12,475"
"2271","OR","Marion County, OR",6366,155513,161879,6788,154278,161066,6938,153168,160106,7958,"149,396","157,354"
"2272","OR","Morrow County, OR",235,5477,5712,242,5496,5738,253,5501,5754,280,"5,485","5,765"
"2273","OR","Multnomah County, OR",14878,440311,455189,16298,436194,452492,16442,436974,453416,18733,"425,011","443,744"
"2274","OR","Polk County, OR",1620,38240,39860,1696,37986,39682,1703,37609,39312,1934,"36,384","38,318"
"2275","OR","Sherman County, OR",32,900,932,36,863,899,42,856,898,41,"853","894"
"2276","OR","Tillamook County, OR",458,11421,11879,508,11342,11850,499,11249,11748,572,"11,066","11,638"
"2277","OR","Umatilla County, OR",1765,35014,36779,1774,34776,36550,1770,34932,36702,1920,"34,084","36,004"
"2278","OR","Union County, OR",576,11362,11938,630,11325,11955,631,11342,11973,707,"11,266","11,973"
"2279","OR","Wallowa County, OR",199,3221,3420,199,3204,3403,188,3130,3318,224,"3,091","3,315"
"2280","OR","Wasco County, OR",551,12809,13360,559,12801,13360,573,13228,13801,657,"13,030","13,687"
"2281","OR","Washington County, OR",9998,315008,325006,10966,311753,322719,11165,309262,320427,12855,"300,470","313,325"
"2282","OR","Wheeler County, OR",31,691,722,24,698,722,29,704,733,29,"657","686"
"2283","OR","Yamhill County, OR",1858,52981,54839,1989,52479,54468,2025,51981,54006,2443,"50,733","53,176"
"2284","PA","Pennsylvania",284013,6207627,6491640,272929,6150782,6423711,313066,6112981,6426047,346693,"6,102,096","6,448,789"
"2285","PA","Adams County, PA",1819,53531,55350,1792,53346,55138,2018,53389,55407,2192,"53,186","55,378"
"2286","PA","Allegheny County, PA",26828,623045,649873,25725,618427,644152,30403,615683,646086,33486,"613,814","647,300"
"2287","PA","Armstrong County, PA",1636,30671,32307,1590,30434,32024,1981,30356,32337,2475,"30,603","33,078"
"2288","PA","Beaver County, PA",3805,80367,84172,3769,79769,83538,4653,79801,84454,5272,"80,021","85,293"
"2289","PA","Bedford County, PA",1112,22510,23622,1050,22569,23619,1221,22540,23761,1404,"22,639","24,043"
"2290","PA","Berks County, PA",9384,206763,216147,8770,203905,212675,9718,202750,212468,10580,"202,560","213,140"
"2291","PA","Blair County, PA",2691,56860,59551,2471,56888,59359,2880,57259,60139,3204,"57,624","60,828"
"2292","PA","Bradford County, PA",1262,27697,28959,1245,27601,28846,1495,27806,29301,1967,"28,196","30,163"
"2293","PA","Bucks County, PA",13226,332053,345279,12649,327738,340387,14366,326004,340370,15698,"325,030","340,728"
"2294","PA","Butler County, PA",3904,96090,99994,3809,95362,99171,4476,94181,98657,4973,"93,599","98,572"
"2295","PA","Cambria County, PA",3101,54963,58064,2989,55147,58136,3575,56073,59648,4155,"57,163","61,318"
"2296","PA","Cameron County, PA",125,1963,2088,105,2028,2133,149,2045,2194,164,"2,067","2,231"
"2297","PA","Carbon County, PA",1736,30516,32252,1584,30089,31673,1740,29750,31490,1878,"29,674","31,552"
"2298","PA","Centre County, PA",2680,77464,80144,2561,76979,79540,2900,76192,79092,3287,"75,622","78,909"
"2299","PA","Chester County, PA",9139,277341,286480,8870,273694,282564,10030,271014,281044,10840,"269,412","280,252"
"2300","PA","Clarion County, PA",842,16289,17131,826,16549,17375,992,16731,17723,1107,"16,913","18,020"
"2301","PA","Clearfield County, PA",1873,34114,35987,1761,33918,35679,2109,33750,35859,2638,"33,655","36,293"
"2302","PA","Clinton County, PA",991,17347,18338,962,17368,18330,1117,17233,18350,1309,"17,238","18,547"
"2303","PA","Columbia County, PA",1597,31955,33552,1569,31875,33444,1736,31977,33713,1871,"32,012","33,883"
"2304","PA","Crawford County, PA",1832,36853,38685,1797,37049,38846,2151,37286,39437,2426,"38,059","40,485"
"2305","PA","Cumberland County, PA",4461,128165,132626,4298,126243,130541,4921,125303,130224,5271,"124,806","130,077"
"2306","PA","Dauphin County, PA",5833,139003,144836,5611,136932,142543,6373,136008,142381,6757,"135,314","142,071"
"2307","PA","Delaware County, PA",12132,287670,299802,11746,283945,295691,13230,281811,295041,14304,"279,800","294,104"
"2308","PA","Elk County, PA",766,14911,15677,603,15250,15853,769,15246,16015,898,"15,428","16,326"
"2309","PA","Erie County, PA",5898,122943,128841,5999,123024,129023,7476,123236,130712,8670,"124,864","133,534"
"2310","PA","Fayette County, PA",3405,53868,57273,3283,53459,56742,3953,53449,57402,4723,"53,690","58,413"
"2311","PA","Forest County, PA",124,1694,1818,112,1704,1816,121,1712,1833,148,"1,742","1,890"
"2312","PA","Franklin County, PA",2983,74904,77887,2816,74069,76885,3392,73214,76606,3986,"73,480","77,466"
"2313","PA","Fulton County, PA",347,7560,7907,307,7550,7857,366,6883,7249,460,"6,841","7,301"
"2314","PA","Greene County, PA",855,15771,16626,798,15776,16574,984,15810,16794,1336,"15,954","17,290"
"2315","PA","Huntingdon County, PA",1179,18833,20012,1038,18747,19785,1177,18619,19796,1370,"18,286","19,656"
"2316","PA","Indiana County, PA",1969,37186,39155,1883,36836,38719,2272,36966,39238,2916,"37,234","40,150"
"2317","PA","Jefferson County, PA",975,19612,20587,942,19546,20488,1138,19429,20567,1413,"19,281","20,694"
"2318","PA","Juniata County, PA",555,12061,12616,495,11949,12444,566,11813,12379,652,"11,544","12,196"
"2319","PA","Lackawanna County, PA",5159,100057,105216,4770,100412,105182,5404,100517,105921,6025,"100,704","106,729"
"2320","PA","Lancaster County, PA",9821,275432,285253,9463,272566,282029,10652,268376,279028,11529,"268,202","279,731"
"2321","PA","Lawrence County, PA",2088,38687,40775,2050,38693,40743,2445,38186,40631,2782,"38,709","41,491"
"2322","PA","Lebanon County, PA",2819,69798,72617,2662,68707,71369,2904,67844,70748,3156,"67,401","70,557"
"2323","PA","Lehigh County, PA",8723,184665,193388,8698,182083,190781,9444,180225,189669,10077,"178,878","188,955"
"2324","PA","Luzerne County, PA",8973,148722,157695,8447,149243,157690,9268,149262,158530,9971,"148,700","158,671"
"2325","PA","Lycoming County, PA",2750,54169,56919,2712,54534,57246,3211,54631,57842,3884,"54,813","58,697"
"2326","PA","McKean County, PA",920,16435,17355,846,16949,17795,1101,17063,18164,1221,"17,263","18,484"
"2327","PA","Mercer County, PA",2412,46909,49321,2323,47546,49869,2749,47936,50685,3128,"49,387","52,515"
"2328","PA","Mifflin County, PA",983,20093,21076,961,19789,20750,1092,19583,20675,1187,"19,611","20,798"
"2329","PA","Monroe County, PA",4479,78812,83291,4359,77861,82220,4787,77428,82215,5102,"76,753","81,855"
"2330","PA","Montgomery County, PA",16019,440364,456383,15330,434669,449999,17179,431055,448234,18466,"428,784","447,250"
"2331","PA","Montour County, PA",327,8795,9122,313,8774,9087,348,8757,9105,389,"8,735","9,124"
"2332","PA","Northampton County, PA",7214,154642,161856,6983,152481,159464,7729,150897,158626,8182,"150,594","158,776"
"2333","PA","Northumberland County, PA",2419,40765,43184,2230,40799,43029,2456,41205,43661,2737,"41,200","43,937"
"2334","PA","Perry County, PA",910,23673,24583,896,23314,24210,1034,23260,24294,1118,"23,158","24,276"
"2335","PA","Philadelphia County/city, PA",40066,682012,722078,38946,670112,709058,43719,661229,704948,47447,"655,667","703,114"
"2336","PA","Pike County, PA",1412,23909,25321,1317,23721,25038,1458,23294,24752,1585,"23,317","24,902"
"2337","PA","Potter County, PA",425,6784,7209,378,6789,7167,470,6797,7267,578,"6,800","7,378"
"2338","PA","Schuylkill County, PA",3606,62948,66554,3380,62639,66019,3844,62420,66264,4167,"63,377","67,544"
"2339","PA","Snyder County, PA",1093,19079,20172,796,19489,20285,907,19810,20717,959,"19,552","20,511"
"2340","PA","Somerset County, PA",1790,31869,33659,1690,31804,33494,2021,31613,33634,2449,"31,711","34,160"
"2341","PA","Sullivan County, PA",140,2531,2671,132,2554,2686,159,2530,2689,204,"2,636","2,840"
"2342","PA","Susquehanna County, PA",889,19717,20606,809,19631,20440,969,19628,20597,1183,"19,676","20,859"
"2343","PA","Tioga County, PA",1009,18139,19148,961,17853,18814,1132,17981,19113,1412,"18,446","19,858"
"2344","PA","Union County, PA",798,19114,19912,727,18861,19588,853,18822,19675,944,"18,830","19,774"
"2345","PA","Venango County, PA",1090,21354,22444,1087,21315,22402,1391,21564,22955,1714,"21,989","23,703"
"2346","PA","Warren County, PA",861,18116,18977,838,18195,19033,1012,18289,19301,1081,"18,688","19,769"
"2347","PA","Washington County, PA",4824,102475,107299,4540,101702,106242,5528,100831,106359,6539,"100,679","107,218"
"2348","PA","Wayne County, PA",1059,21427,22486,1045,21317,22362,1137,21276,22413,1290,"21,225","22,515"
"2349","PA","Westmoreland County, PA",8133,173320,181453,7857,172002,179859,9302,171495,180797,10669,"172,070","182,739"
"2350","PA","Wyoming County, PA",662,12948,13610,608,12982,13590,727,13119,13846,873,"13,209","14,082"
"2351","PA","York County, PA",9080,227297,236377,8951,225632,234583,10184,224744,234928,10821,"223,986","234,807"
"2352","RI","Rhode Island",19786,535768,555554,22076,532478,554554,24376,528746,553122,28684,"524,493","553,177"
"2353","RI","Bristol County, RI",779,25226,26005,880,25065,25945,985,24970,25955,1208,"24,924","26,132"
"2354","RI","Kent County, RI",2914,87815,90729,3267,87254,90521,3645,86403,90048,4288,"86,433","90,721"
"2355","RI","Newport County, RI",1375,42905,44280,1539,42630,44169,1711,42713,44424,2079,"42,154","44,233"
"2356","RI","Providence County, RI",12560,312930,325490,13975,310929,324904,15312,308660,323972,17841,"305,351","323,192"
"2357","RI","Washington County, RI",2158,66892,69050,2416,66601,69017,2724,66001,68725,3268,"65,630","68,898"
"2358","SC","South Carolina",67707,2308362,2376069,80882,2259057,2339939,98921,2212845,2311766,115213,"2,181,587","2,296,800"
"2359","SC","Abbeville County, SC",339,9711,10050,400,9574,9974,459,9514,9973,566,"9,734","10,300"
"2360","SC","Aiken County, SC",2176,72929,75105,2502,71815,74317,3042,71044,74086,3726,"70,528","74,254"
"2361","SC","Allendale County, SC",143,2549,2692,160,2616,2776,187,2519,2706,229,"2,437","2,666"
"2362","SC","Anderson County, SC",2467,89109,91576,2953,87481,90434,3520,85993,89513,4102,"84,947","89,049"
"2363","SC","Bamberg County, SC",277,4704,4981,329,4702,5031,385,4760,5145,483,"4,843","5,326"
"2364","SC","Barnwell County, SC",352,7916,8268,400,7944,8344,484,7535,8019,599,"7,487","8,086"
"2365","SC","Beaufort County, SC",2061,75797,77858,2480,73726,76206,3033,71349,74382,3483,"69,147","72,630"
"2366","SC","Berkeley County, SC",2651,101801,104452,3120,98808,101928,3830,96123,99953,4461,"92,694","97,155"
"2367","SC","Calhoun County, SC",237,6367,6604,284,6259,6543,352,6393,6745,429,"6,484","6,913"
"2368","SC","Charleston County, SC",4881,207473,212354,5826,201465,207291,7151,196750,203901,8290,"193,793","202,083"
"2369","SC","Cherokee County, SC",774,24422,25196,920,24234,25154,1184,22659,23843,1413,"22,159","23,572"
"2370","SC","Chester County, SC",555,12890,13445,648,12496,13144,815,12505,13320,969,"12,446","13,415"
"2371","SC","Chesterfield County, SC",644,21484,22128,717,21243,21960,932,20579,21511,1085,"20,585","21,670"
"2372","SC","Clarendon County, SC",493,12238,12731,595,12016,12611,740,11652,12392,853,"11,888","12,741"
"2373","SC","Colleton County, SC",538,16283,16821,677,16099,16776,798,15820,16618,942,"15,841","16,783"
"2374","SC","Darlington County, SC",1043,29518,30561,1231,28982,30213,1578,28348,29926,1873,"28,087","29,960"
"2375","SC","Dillon County, SC",533,12496,13029,612,11999,12611,713,11751,12464,863,"11,845","12,708"
"2376","SC","Dorchester County, SC",1951,76502,78453,2336,74255,76591,2869,71377,74246,3369,"69,918","73,287"
"2377","SC","Edgefield County, SC",301,10452,10753,374,10282,10656,484,10108,10592,601,"9,964","10,565"
"2378","SC","Fairfield County, SC",427,9192,9619,605,9038,9643,732,9201,9933,725,"9,289","10,014"
"2379","SC","Florence County, SC",1976,65235,67211,2428,64107,66535,2969,62493,65462,3464,"62,024","65,488"
"2380","SC","Georgetown County, SC",970,24820,25790,1174,24280,25454,1393,23512,24905,1706,"23,303","25,009"
"2381","SC","Greenville County, SC",6225,249678,255903,7429,245134,252563,9081,239569,248650,10465,"235,461","245,926"
"2382","SC","Greenwood County, SC",980,30397,31377,1145,29950,31095,1392,29369,30761,1631,"29,770","31,401"
"2383","SC","Hampton County, SC",229,8187,8416,288,8070,8358,361,7759,8120,483,"7,760","8,243"
"2384","SC","Horry County, SC",5339,143234,148573,6304,139387,145691,7218,136558,143776,8237,"132,187","140,424"
"2385","SC","Jasper County, SC",322,12363,12685,375,12040,12415,445,11587,12032,526,"11,492","12,018"
"2386","SC","Kershaw County, SC",866,28425,29291,1040,27950,28990,1317,27958,29275,1535,"27,761","29,296"
"2387","SC","Lancaster County, SC",1384,39956,41340,1541,38754,40295,1840,37583,39423,2052,"36,354","38,406"
"2388","SC","Laurens County, SC",903,29410,30313,1079,28868,29947,1312,28564,29876,1573,"28,512","30,085"
"2389","SC","Lee County, SC",266,6352,6618,304,6285,6589,383,6020,6403,458,"5,992","6,450"
"2390","SC","Lexington County, SC",3510,146650,150160,4297,144255,148552,5358,143404,148762,6061,"142,252","148,313"
"2391","SC","McCormick County, SC",104,3285,3389,120,3287,3407,153,3219,3372,190,"3,208","3,398"
"2392","SC","Marion County, SC",564,12481,13045,720,12219,12939,921,11552,12473,1112,"11,592","12,704"
"2393","SC","Marlboro County, SC",444,8739,9183,467,8718,9185,600,8555,9155,787,"8,542","9,329"
"2394","SC","Newberry County, SC",514,18709,19223,591,18383,18974,772,17649,18421,857,"18,365","19,222"
"2395","SC","Oconee County, SC",971,34068,35039,1180,33612,34792,1495,32618,34113,1775,"32,504","34,279"
"2396","SC","Orangeburg County, SC",1655,33187,34842,2004,32452,34456,2487,32170,34657,3178,"32,503","35,681"
"2397","SC","Pickens County, SC",1604,56063,57667,1921,55050,56971,2327,53956,56283,2819,"53,633","56,452"
"2398","SC","Richland County, SC",5579,193369,198948,6867,190271,197138,8494,190672,199166,9713,"191,043","200,756"
"2399","SC","Saluda County, SC",238,8690,8928,277,8518,8795,349,8534,8883,406,"8,504","8,910"
"2400","SC","Spartanburg County, SC",3920,149576,153496,4717,145417,150134,5908,140787,146695,6757,"135,864","142,621"
"2401","SC","Sumter County, SC",1473,42254,43727,1785,42057,43842,2296,41734,44030,2617,"41,734","44,351"
"2402","SC","Union County, SC",406,11275,11681,482,10962,11444,624,10909,11533,715,"10,772","11,487"
"2403","SC","Williamsburg County, SC",551,11542,12093,671,11491,12162,774,11385,12159,969,"11,528","12,497"
"2404","SC","York County, SC",3871,136587,140458,4508,132509,137017,5366,128751,134117,6064,"124,812","130,876"
"2405","SD","South Dakota",15284,448713,463997,14093,445472,459565,14636,441604,456240,13492,"439,302","452,794"
"2406","SD","Aurora County, SD",42,1485,1527,46,1515,1561,42,1481,1523,34,"1,487","1,521"
"2407","SD","Beadle County, SD",303,9315,9618,257,9305,9562,259,9132,9391,243,"9,168","9,411"
"2408","SD","Bennett County, SD",59,1032,1091,49,1030,1079,48,1066,1114,44,"1,079","1,123"
"2409","SD","Bon Homme County, SD",91,2779,2870,75,2797,2872,83,2832,2915,80,"2,865","2,945"
"2410","SD","Brookings County, SD",627,18511,19138,554,18496,19050,574,18252,18826,517,"18,369","18,886"
"2411","SD","Brown County, SD",643,20152,20795,597,20261,20858,608,20340,20948,563,"20,524","21,087"
"2412","SD","Brule County, SD",76,2375,2451,68,2439,2507,73,2408,2481,63,"2,408","2,471"
"2413","SD","Buffalo County, SD",45,638,683,43,666,709,51,657,708,60,"666","726"
"2414","SD","Butte County, SD",171,4873,5044,169,4881,5050,173,4853,5026,174,"4,873","5,047"
"2415","SD","Campbell County, SD",28,744,772,32,754,786,28,805,833,25,"825","850"
"2416","SD","Charles Mix County, SD",141,3622,3763,123,3718,3841,138,3749,3887,124,"3,764","3,888"
"2417","SD","Clark County, SD",77,1836,1913,76,1833,1909,84,1801,1885,75,"1,845","1,920"
"2418","SD","Clay County, SD",248,7184,7432,212,7046,7258,227,6900,7127,209,"6,777","6,986"
"2419","SD","Codington County, SD",490,15028,15518,469,14894,15363,494,14729,15223,468,"14,737","15,205"
"2420","SD","Corson County, SD",79,1289,1368,57,1333,1390,58,1365,1423,65,"1,389","1,454"
"2421","SD","Custer County, SD",178,3831,4009,165,3841,4006,168,3868,4036,160,"3,833","3,993"
"2422","SD","Davison County, SD",325,10778,11103,292,10751,11043,311,10722,11033,269,"10,968","11,237"
"2423","SD","Day County, SD",126,2637,2763,121,2665,2786,111,2716,2827,121,"2,737","2,858"
"2424","SD","Deuel County, SD",105,2067,2172,97,2070,2167,104,2093,2197,109,"2,130","2,239"
"2425","SD","Dewey County, SD",184,2044,2228,197,2029,2226,221,2027,2248,202,"2,049","2,251"
"2426","SD","Douglas County, SD",45,1539,1584,42,1525,1567,46,1550,1596,42,"1,629","1,671"
"2427","SD","Edmunds County, SD",61,1980,2041,55,2009,2064,58,2057,2115,50,"2,113","2,163"
"2428","SD","Fall River County, SD",128,2864,2992,115,2893,3008,117,2864,2981,132,"2,891","3,023"
"2429","SD","Faulk County, SD",35,1023,1058,33,1063,1096,33,1068,1101,29,"1,084","1,113"
"2430","SD","Grant County, SD",150,4293,4443,144,4302,4446,152,4303,4455,143,"4,314","4,457"
"2431","SD","Gregory County, SD",71,1977,2048,68,1977,2045,70,1984,2054,62,"2,013","2,075"
"2432","SD","Haakon County, SD",31,1020,1051,28,1043,1071,30,1073,1103,27,"1,079","1,106"
"2433","SD","Hamlin County, SD",109,3210,3319,103,3145,3248,111,3040,3151,106,"3,067","3,173"
"2434","SD","Hand County, SD",50,1733,1783,42,1770,1812,43,1781,1824,39,"1,792","1,831"
"2435","SD","Hanson County, SD",82,1663,1745,83,1670,1753,70,1702,1772,60,"1,709","1,769"
"2436","SD","Harding County, SD",20,705,725,18,713,731,21,706,727,22,"739","761"
"2437","SD","Hughes County, SD",268,9771,10039,256,9641,9897,268,9753,10021,238,"9,825","10,063"
"2438","SD","Hutchinson County, SD",112,3486,3598,99,3478,3577,107,3504,3611,93,"3,557","3,650"
"2439","SD","Hyde County, SD",24,658,682,20,659,679,21,664,685,19,"679","698"
"2440","SD","Jackson County, SD",73,1199,1272,64,1219,1283,73,1251,1324,54,"1,250","1,304"
"2441","SD","Jerauld County, SD",31,1086,1117,28,1089,1117,27,1113,1140,26,"1,045","1,071"
"2442","SD","Jones County, SD",17,527,544,15,539,554,16,545,561,13,"556","569"
"2443","SD","Kingsbury County, SD",81,2590,2671,77,2583,2660,82,2596,2678,72,"2,668","2,740"
"2444","SD","Lake County, SD",241,6443,6684,229,6420,6649,243,6262,6505,219,"6,237","6,456"
"2445","SD","Lawrence County, SD",428,12915,13343,388,12686,13074,416,12636,13052,430,"12,632","13,062"
"2446","SD","Lincoln County, SD",886,33709,34595,799,33093,33892,793,32172,32965,677,"30,760","31,437"
"2447","SD","Lyman County, SD",81,1609,1690,71,1628,1699,85,1662,1747,83,"1,692","1,775"
"2448","SD","McCook County, SD",88,2990,3078,78,2965,3043,83,2977,3060,77,"3,055","3,132"
"2449","SD","McPherson County, SD",43,963,1006,40,983,1023,35,1015,1050,37,"1,051","1,088"
"2450","SD","Marshall County, SD",91,2292,2383,94,2332,2426,105,2295,2400,95,"2,365","2,460"
"2451","SD","Meade County, SD",506,13632,14138,472,13549,14021,464,13501,13965,429,"13,246","13,675"
"2452","SD","Mellette County, SD",42,699,741,37,712,749,36,728,764,32,"738","770"
"2453","SD","Miner County, SD",37,1140,1177,33,1161,1194,34,1161,1195,32,"1,169","1,201"
"2454","SD","Minnehaha County, SD",3241,109853,113094,2956,107770,110726,3016,106305,109321,2759,"104,943","107,702"
"2455","SD","Moody County, SD",146,3895,4041,121,3888,4009,143,3841,3984,144,"3,805","3,949"
"2456","SD","Oglala Lakota County, SD",348,3222,3570,375,3207,3582,408,3216,3624,387,"3,224","3,611"
"2457","SD","Pennington County, SD",1930,54827,56757,1753,54395,56148,1830,53902,55732,1682,"53,024","54,706"
"2458","SD","Perkins County, SD",44,1381,1425,42,1402,1444,44,1548,1592,45,"1,532","1,577"
"2459","SD","Potter County, SD",33,1012,1045,39,1052,1091,37,1086,1123,31,"1,126","1,157"
"2460","SD","Roberts County, SD",209,4630,4839,211,4635,4846,225,4597,4822,200,"4,640","4,840"
"2461","SD","Sanborn County, SD",36,1117,1153,34,1117,1151,41,1135,1176,36,"1,173","1,209"
"2462","SD","Spink County, SD",109,3080,3189,115,3127,3242,107,3125,3232,101,"3,184","3,285"
"2463","SD","Stanley County, SD",55,1795,1850,49,1787,1836,60,1806,1866,45,"1,825","1,870"
"2464","SD","Sully County, SD",23,777,800,21,785,806,26,809,835,20,"839","859"
"2465","SD","Todd County, SD",205,2961,3166,198,2946,3144,203,2935,3138,197,"2,862","3,059"
"2466","SD","Tripp County, SD",89,2981,3070,79,3026,3105,84,2954,3038,68,"2,995","3,063"
"2467","SD","Turner County, SD",143,4559,4702,129,4526,4655,147,4527,4674,130,"4,546","4,676"
"2468","SD","Union County, SD",292,8192,8484,268,8140,8408,284,7761,8045,250,"7,798","8,048"
"2469","SD","Walworth County, SD",117,2008,2125,110,2106,2216,110,2127,2237,115,"2,126","2,241"
"2470","SD","Yankton County, SD",343,11615,11958,315,11520,11835,329,11282,11611,297,"11,286","11,583"
"2471","SD","Ziebach County, SD",52,878,930,49,875,924,49,890,939,44,"932","976"
"2472","TN","Tennessee",113348,3231501,3344849,114373,3139888,3254261,119962,3065279,3185241,147178,"2,976,105","3,123,283"
"2473","TN","Anderson County, TN",1241,33708,34949,1296,32914,34210,1339,32451,33790,1626,"31,921","33,547"
"2474","TN","Bedford County, TN",786,20437,21223,784,19971,20755,814,19665,20479,979,"18,773","19,752"
"2475","TN","Benton County, TN",311,6653,6964,339,6553,6892,365,6338,6703,477,"6,237","6,714"
"2476","TN","Bledsoe County, TN",235,4111,4346,252,3977,4229,254,4032,4286,299,"4,007","4,306"
"2477","TN","Blount County, TN",2043,62072,64115,2035,60596,62631,2179,59282,61461,2641,"57,977","60,618"
"2478","TN","Bradley County, TN",1811,50654,52465,1821,48685,50506,1859,48868,50727,2220,"47,725","49,945"
"2479","TN","Campbell County, TN",687,14291,14978,704,13951,14655,764,13817,14581,1013,"13,667","14,680"
"2480","TN","Cannon County, TN",205,6481,6686,204,6218,6422,221,5962,6183,277,"5,722","5,999"
"2481","TN","Carroll County, TN",590,11582,12172,597,11437,12034,617,11287,11904,803,"11,176","11,979"
"2482","TN","Carter County, TN",983,23235,24218,996,22855,23851,1091,22723,23814,1329,"22,255","23,584"
"2483","TN","Cheatham County, TN",580,21606,22186,591,20742,21333,642,20149,20791,801,"19,387","20,188"
"2484","TN","Chester County, TN",297,8343,8640,320,8179,8499,333,7979,8312,418,"7,997","8,415"
"2485","TN","Claiborne County, TN",554,12624,13178,555,12421,12976,603,12072,12675,785,"11,867","12,652"
"2486","TN","Clay County, TN",168,2640,2808,142,2728,2870,156,2869,3025,198,"2,833","3,031"
"2487","TN","Cocke County, TN",687,14477,15164,702,14197,14899,769,13795,14564,907,"13,491","14,398"
"2488","TN","Coffee County, TN",858,24891,25749,881,23898,24779,918,23963,24881,1145,"23,219","24,364"
"2489","TN","Crockett County, TN",246,6823,7069,271,6679,6950,290,6651,6941,358,"6,503","6,861"
"2490","TN","Cumberland County, TN",1061,22624,23685,1026,22298,23324,1092,22235,23327,1387,"22,088","23,475"
"2491","TN","Davidson County, TN",10308,399502,409810,10514,383409,393923,10820,372829,383649,13420,"359,204","372,624"
"2492","TN","Decatur County, TN",245,4366,4611,228,4268,4496,244,4414,4658,319,"4,325","4,644"
"2493","TN","DeKalb County, TN",339,7516,7855,350,7404,7754,370,7273,7643,417,"7,103","7,520"
"2494","TN","Dickson County, TN",816,26593,27409,803,25518,26321,860,24599,25459,1073,"23,623","24,696"
"2495","TN","Dyer County, TN",805,15792,16597,746,15441,16187,784,15264,16048,1009,"15,298","16,307"
"2496","TN","Fayette County, TN",707,18663,19370,712,18268,18980,748,17790,18538,915,"17,301","18,216"
"2497","TN","Fentress County, TN",315,7240,7555,300,6893,7193,323,6747,7070,436,"6,645","7,081"
"2498","TN","Franklin County, TN",680,19663,20343,675,19185,19860,755,19030,19785,957,"18,811","19,768"
"2499","TN","Gibson County, TN",942,21320,22262,960,20883,21843,979,20240,21219,1236,"19,924","21,160"
"2500","TN","Giles County, TN",583,14543,15126,561,14721,15282,533,14966,15499,611,"14,608","15,219"
"2501","TN","Grainger County, TN",387,9221,9608,374,8996,9370,398,8897,9295,500,"8,752","9,252"
"2502","TN","Greene County, TN",1396,28599,29995,1388,28436,29824,1394,28873,30267,1674,"29,089","30,763"
"2503","TN","Grundy County, TN",208,4809,5017,218,4676,4894,243,4573,4816,308,"4,464","4,772"
"2504","TN","Hamblen County, TN",1093,27292,28385,1060,26486,27546,1111,26111,27222,1363,"25,390","26,753"
"2505","TN","Hamilton County, TN",6009,179393,185402,6161,174706,180867,6485,169603,176088,7870,"163,427","171,297"
"2506","TN","Hancock County, TN",125,2005,2130,104,2020,2124,119,1920,2039,160,"1,866","2,026"
"2507","TN","Hardeman County, TN",477,9099,9576,460,8906,9366,482,8707,9189,562,"8,599","9,161"
"2508","TN","Hardin County, TN",448,10038,10486,456,9877,10333,494,9874,10368,606,"9,562","10,168"
"2509","TN","Hawkins County, TN",988,22998,23986,950,22794,23744,1015,22588,23603,1271,"22,352","23,623"
"2510","TN","Haywood County, TN",376,7373,7749,414,7316,7730,409,7367,7776,495,"7,154","7,649"
"2511","TN","Henderson County, TN",537,11832,12369,567,11432,11999,615,11243,11858,815,"11,129","11,944"
"2512","TN","Henry County, TN",594,13727,14321,600,13627,14227,638,13299,13937,815,"13,058","13,873"
"2513","TN","Hickman County, TN",356,11243,11599,364,10791,11155,375,10434,10809,480,"9,918","10,398"
"2514","TN","Houston County, TN",151,3146,3297,178,3060,3238,188,3005,3193,239,"2,947","3,186"
"2515","TN","Humphreys County, TN",347,8678,9025,382,8451,8833,383,8384,8767,516,"8,095","8,611"
"2516","TN","Jackson County, TN",216,4486,4702,217,4381,4598,247,4337,4584,312,"4,164","4,476"
"2517","TN","Jefferson County, TN",918,23882,24800,918,23177,24095,972,22863,23835,1239,"22,290","23,529"
"2518","TN","Johnson County, TN",268,7462,7730,265,7306,7571,299,7274,7573,360,"7,154","7,514"
"2519","TN","Knox County, TN",7137,239090,246227,7119,233452,240571,7580,229187,236767,9275,"223,589","232,864"
"2520","TN","Lake County, TN",101,1678,1779,93,1711,1804,103,1732,1835,148,"1,760","1,908"
"2521","TN","Lauderdale County, TN",532,9262,9794,565,9106,9671,546,8830,9376,724,"8,676","9,400"
"2522","TN","Lawrence County, TN",792,18640,19432,747,17709,18456,786,16951,17737,1020,"16,711","17,731"
"2523","TN","Lewis County, TN",211,5010,5221,226,4839,5065,227,4705,4932,288,"4,581","4,869"
"2524","TN","Lincoln County, TN",605,16295,16900,513,16174,16687,535,15708,16243,650,"15,258","15,908"
"2525","TN","Loudon County, TN",801,22895,23696,789,22338,23127,839,21741,22580,1034,"21,168","22,202"
"2526","TN","McMinn County, TN",902,22978,23880,937,21782,22719,998,21608,22606,1228,"21,451","22,679"
"2527","TN","McNairy County, TN",450,8130,8580,457,7829,8286,484,8035,8519,612,"8,122","8,734"
"2528","TN","Macon County, TN",356,11079,11435,354,10625,10979,370,10310,10680,444,"9,757","10,201"
"2529","TN","Madison County, TN",1766,47727,49493,1846,46819,48665,1904,46050,47954,2311,"45,317","47,628"
"2530","TN","Marion County, TN",541,12057,12598,580,11742,12322,589,11420,12009,745,"11,133","11,878"
"2531","TN","Marshall County, TN",555,15305,15860,538,14911,15449,531,14520,15051,691,"14,329","15,020"
"2532","TN","Maury County, TN",1582,48575,50157,1565,46613,48178,1502,44388,45890,1769,"42,164","43,933"
"2533","TN","Meigs County, TN",238,4992,5230,233,4831,5064,263,4722,4985,332,"4,548","4,880"
"2534","TN","Monroe County, TN",743,19613,20356,743,19231,19974,794,18802,19596,1018,"18,317","19,335"
"2535","TN","Montgomery County, TN",3274,82946,86220,3261,80745,84006,3379,78386,81765,4046,"75,637","79,683"
"2536","TN","Moore County, TN",106,3529,3635,108,3390,3498,110,3361,3471,127,"3,247","3,374"
"2537","TN","Morgan County, TN",324,7632,7956,353,7450,7803,383,7397,7780,500,"7,276","7,776"
"2538","TN","Obion County, TN",616,11999,12615,610,11658,12268,675,11510,12185,880,"11,645","12,525"
"2539","TN","Overton County, TN",379,9647,10026,371,9422,9793,396,9104,9500,490,"8,693","9,183"
"2540","TN","Perry County, TN",158,2988,3146,141,3109,3250,157,3072,3229,201,"2,978","3,179"
"2541","TN","Pickett County, TN",111,2274,2385,94,2343,2437,109,2333,2442,153,"2,165","2,318"
"2542","TN","Polk County, TN",302,7274,7576,310,6990,7300,339,7033,7372,421,"6,943","7,364"
"2543","TN","Putnam County, TN",1231,34124,35355,1237,33182,34419,1302,32595,33897,1619,"31,521","33,140"
"2544","TN","Rhea County, TN",765,12636,13401,742,12375,13117,863,12335,13198,951,"12,475","13,426"
"2545","TN","Roane County, TN",955,22662,23617,958,22124,23082,1017,21852,22869,1264,"21,516","22,780"
"2546","TN","Robertson County, TN",1109,37440,38549,1176,35918,37094,1237,34637,35874,1436,"33,199","34,635"
"2547","TN","Rutherford County, TN",4792,181904,186696,4857,174546,179403,5028,166081,171109,6016,"157,053","163,069"
"2548","TN","Scott County, TN",368,8059,8427,368,7905,8273,418,7728,8146,590,"7,403","7,993"
"2549","TN","Sequatchie County, TN",263,5987,6250,265,5828,6093,303,5644,5947,343,"5,557","5,900"
"2550","TN","Sevier County, TN",1805,53420,55225,1863,51325,53188,2101,49906,52007,2518,"48,508","51,026"
"2551","TN","Shelby County, TN",18080,431885,449965,18421,423270,441691,19114,417021,436135,23043,"409,622","432,665"
"2552","TN","Smith County, TN",288,9301,9589,282,8925,9207,322,8570,8892,395,"8,255","8,650"
"2553","TN","Stewart County, TN",248,5292,5540,264,5034,5298,280,4891,5171,348,"4,800","5,148"
"2554","TN","Sullivan County, TN",2632,68347,70979,2607,67740,70347,2840,66959,69799,3584,"65,937","69,521"
"2555","TN","Sumner County, TN",2777,101033,103810,2791,96967,99758,2882,92656,95538,3565,"88,448","92,013"
"2556","TN","Tipton County, TN",1105,27356,28461,1186,26799,27985,1229,26297,27526,1553,"25,857","27,410"
"2557","TN","Trousdale County, TN",168,5335,5503,172,5119,5291,165,4571,4736,185,"3,648","3,833"
"2558","TN","Unicoi County, TN",358,6809,7167,348,6690,7038,381,6652,7033,495,"6,492","6,987"
"2559","TN","Union County, TN",311,7387,7698,308,7210,7518,326,7033,7359,418,"6,836","7,254"
"2560","TN","Van Buren County, TN",93,1979,2072,99,1963,2062,89,1994,2083,125,"1,905","2,030"
"2561","TN","Warren County, TN",691,16178,16869,670,16080,16750,682,16429,17111,845,"16,767","17,612"
"2562","TN","Washington County, TN",2104,58800,60904,2134,57862,59996,2259,57093,59352,2790,"55,747","58,537"
"2563","TN","Wayne County, TN",294,6007,6301,298,5848,6146,324,5784,6108,398,"5,669","6,067"
"2564","TN","Weakley County, TN",657,15610,16267,678,15283,15961,771,14954,15725,922,"14,886","15,808"
"2565","TN","White County, TN",455,11908,12363,444,11814,12258,477,11395,11872,582,"11,139","11,721"
"2566","TN","Williamson County, TN",3158,127057,130215,3133,121954,125087,3247,116005,119252,3854,"109,311","113,165"
"2567","TN","Wilson County, TN",2089,75639,77728,2085,72580,74665,2121,68655,70776,2596,"64,999","67,595"
"2568","TX","Texas",493521,13551791,14045312,531572,13285118,13816690,585113,12989682,13574795,615352,"12,720,226","13,335,578"
"2569","TX","Anderson County, TX",693,23220,23913,722,22675,23397,846,22413,23259,1016,"22,484","23,500"
"2570","TX","Andrews County, TX",221,9685,9906,225,9189,9414,278,8724,9002,409,"8,277","8,686"
"2571","TX","Angelina County, TX",1440,34453,35893,1560,34486,36046,1862,34786,36648,2184,"34,864","37,048"
"2572","TX","Aransas County, TX",403,9022,9425,565,9002,9567,704,9628,10332,571,"9,663","10,234"
"2573","TX","Archer County, TX",118,4027,4145,126,4016,4142,139,4003,4142,176,"3,911","4,087"
"2574","TX","Armstrong County, TX",25,904,929,25,897,922,24,894,918,26,"908","934"
"2575","TX","Atascosa County, TX",779,20928,21707,802,20611,21413,891,20052,20943,1120,"19,892","21,012"
"2576","TX","Austin County, TX",483,13613,14096,505,13359,13864,608,13197,13805,746,"13,278","14,024"
"2577","TX","Bailey County, TX",93,2415,2508,114,2505,2619,114,2547,2661,119,"2,598","2,717"
"2578","TX","Bandera County, TX",329,9742,10071,336,9603,9939,352,9389,9741,389,"9,110","9,499"
"2579","TX","Bastrop County, TX",1291,41609,42900,1397,40276,41673,1441,38756,40197,1457,"37,557","39,014"
"2580","TX","Baylor County, TX",40,1725,1765,49,1506,1555,54,1535,1589,58,"1,547","1,605"
"2581","TX","Bee County, TX",434,9419,9853,502,9438,9940,645,9325,9970,774,"9,531","10,305"
"2582","TX","Bell County, TX",5466,138392,143858,5864,136734,142598,6048,136070,142118,6272,"133,173","139,445"
"2583","TX","Bexar County, TX",29617,919763,949380,31145,905106,936251,32694,891563,924257,33855,"871,260","905,115"
"2584","TX","Blanco County, TX",158,6311,6469,162,6088,6250,171,6057,6228,183,"5,749","5,932"
"2585","TX","Borden County, TX",10,394,404,11,332,343,11,311,322,13,"353","366"
"2586","TX","Bosque County, TX",285,8058,8343,303,7914,8217,327,7870,8197,352,"7,833","8,185"
"2587","TX","Bowie County, TX",1769,38130,39899,1932,37542,39474,1797,37479,39276,1861,"37,749","39,610"
"2588","TX","Brazoria County, TX",7531,172008,179539,7957,168602,176559,9190,164089,173279,8794,"161,001","169,795"
"2589","TX","Brazos County, TX",3191,115819,119010,3304,113189,116493,3482,109558,113040,3842,"107,409","111,251"
"2590","TX","Brewster County, TX",123,4084,4207,134,3910,4044,139,3829,3968,149,"3,811","3,960"
"2591","TX","Briscoe County, TX",20,558,578,21,538,559,24,530,554,24,"524","548"
"2592","TX","Brooks County, TX",134,2468,2602,156,2295,2451,201,2232,2433,287,"2,151","2,438"
"2593","TX","Brown County, TX",584,15117,15701,593,15429,16022,623,15468,16091,701,"15,463","16,164"
"2594","TX","Burleson County, TX",259,8103,8362,295,7930,8225,335,7657,7992,365,"7,507","7,872"
"2595","TX","Burnet County, TX",640,22930,23570,657,22264,22921,707,21567,22274,760,"21,226","21,986"
"2596","TX","Caldwell County, TX",658,19011,19669,692,18399,19091,725,17785,18510,775,"17,161","17,936"
"2597","TX","Calhoun County, TX",392,11776,12168,457,10753,11210,606,9891,10497,600,"10,171","10,771"
"2598","TX","Callahan County, TX",188,5925,6113,200,5785,5985,215,5697,5912,247,"5,557","5,804"
"2599","TX","Cameron County, TX",9186,157675,166861,10144,155750,165894,11535,154709,166244,11891,"154,064","165,955"
"2600","TX","Camp County, TX",209,4766,4975,243,4757,5000,284,4743,5027,345,"4,714","5,059"
"2601","TX","Carson County, TX",78,2933,3011,84,2912,2996,98,2932,3030,101,"2,995","3,096"
"2602","TX","Cass County, TX",535,11895,12430,616,11680,12296,725,11467,12192,880,"11,384","12,264"
"2603","TX","Castro County, TX",96,3337,3433,98,3366,3464,112,3282,3394,107,"3,387","3,494"
"2604","TX","Chambers County, TX",885,18604,19489,1031,18238,19269,1229,17693,18922,1106,"17,098","18,204"
"2605","TX","Cherokee County, TX",793,20143,20936,855,20044,20899,942,19837,20779,1075,"20,115","21,190"
"2606","TX","Childress County, TX",80,2872,2952,77,2874,2951,86,2824,2910,88,"2,870","2,958"
"2607","TX","Clay County, TX",151,4785,4936,155,4771,4926,172,4731,4903,209,"4,584","4,793"
"2608","TX","Cochran County, TX",38,1085,1123,47,1052,1099,52,1081,1133,60,"1,114","1,174"
"2609","TX","Coke County, TX",47,1409,1456,49,1405,1454,52,1348,1400,59,"1,362","1,421"
"2610","TX","Coleman County, TX",118,2770,2888,115,2824,2939,137,2931,3068,178,"2,886","3,064"
"2611","TX","Collin County, TX",17358,546320,563678,18237,533254,551491,18381,513771,532152,18104,"494,723","512,827"
"2612","TX","Collingsworth County, TX",37,1120,1157,37,1145,1182,41,1125,1166,42,"1,173","1,215"
"2613","TX","Colorado County, TX",303,9557,9860,315,9359,9674,389,9359,9748,461,"9,329","9,790"
"2614","TX","Comal County, TX",2184,71149,73333,2294,70087,72381,2312,66483,68795,2365,"63,103","65,468"
"2615","TX","Comanche County, TX",181,5410,5591,191,5181,5372,195,5109,5304,230,"5,126","5,356"
"2616","TX","Concho County, TX",40,1198,1238,40,1058,1098,51,1162,1213,45,"1,286","1,331"
"2617","TX","Cooke County, TX",552,19268,19820,589,18587,19176,679,18175,18854,749,"18,158","18,907"
"2618","TX","Coryell County, TX",946,23177,24123,995,22900,23895,1068,23332,24400,1138,"23,269","24,407"
"2619","TX","Cottle County, TX",23,528,551,23,509,532,22,498,520,27,"498","525"
"2620","TX","Crane County, TX",63,1506,1569,68,1712,1780,84,1510,1594,146,"1,559","1,705"
"2621","TX","Crockett County, TX",48,1589,1637,47,1586,1633,68,1611,1679,130,"1,605","1,735"
"2622","TX","Crosby County, TX",97,2402,2499,114,2371,2485,107,2440,2547,114,"2,506","2,620"
"2623","TX","Culberson County, TX",42,1002,1044,30,946,976,34,889,923,41,"959","1,000"
"2624","TX","Dallam County, TX",76,3842,3918,82,3959,4041,87,3973,4060,89,"3,909","3,998"
"2625","TX","Dallas County, TX",47145,1317507,1364652,50411,1286399,1336810,52002,1274970,1326972,52094,"1,245,964","1,298,058"
"2626","TX","Dawson County, TX",180,4462,4642,195,4368,4563,224,4407,4631,232,"4,406","4,638"
"2627","TX","Deaf Smith County, TX",233,8237,8470,234,8192,8426,254,8095,8349,268,"8,338","8,606"
"2628","TX","Delta County, TX",83,2360,2443,84,2362,2446,86,2462,2548,99,"2,507","2,606"
"2629","TX","Denton County, TX",14619,480005,494624,15373,468392,483765,15718,455462,471180,15470,"436,317","451,787"
"2630","TX","DeWitt County, TX",258,9540,9798,302,9422,9724,419,9163,9582,518,"8,977","9,495"
"2631","TX","Dickens County, TX",30,652,682,28,645,673,33,647,680,34,"657","691"
"2632","TX","Dimmit County, TX",189,7298,7487,219,7139,7358,328,6161,6489,444,"5,792","6,236"
"2633","TX","Donley County, TX",50,1389,1439,53,1505,1558,54,1449,1503,63,"1,493","1,556"
"2634","TX","Duval County, TX",222,4744,4966,263,4802,5065,368,4433,4801,533,"4,349","4,882"
"2635","TX","Eastland County, TX",275,8079,8354,288,8385,8673,339,7602,7941,403,"7,014","7,417"
"2636","TX","Ector County, TX",2327,85859,88186,2299,83346,85645,3219,75345,78564,4836,"71,340","76,176"
"2637","TX","Edwards County, TX",24,1030,1054,25,858,883,29,877,906,40,"826","866"
"2638","TX","Ellis County, TX",2871,89823,92694,2984,87710,90694,3046,84756,87802,3177,"81,779","84,956"
"2639","TX","El Paso County, TX",13870,348712,362582,15025,343330,358355,16353,337807,354160,17258,"332,375","349,633"
"2640","TX","Erath County, TX",662,20188,20850,635,20118,20753,706,19981,20687,819,"19,405","20,224"
"2641","TX","Falls County, TX",214,6356,6570,252,6261,6513,281,6367,6648,290,"6,317","6,607"
"2642","TX","Fannin County, TX",475,16854,17329,505,15954,16459,532,15420,15952,592,"15,168","15,760"
"2643","TX","Fayette County, TX",326,11987,12313,350,12248,12598,401,12176,12577,455,"12,030","12,485"
"2644","TX","Fisher County, TX",48,1586,1634,53,1598,1651,61,1643,1704,75,"1,683","1,758"
"2645","TX","Floyd County, TX",112,2468,2580,138,2533,2671,147,2554,2701,138,"2,598","2,736"
"2646","TX","Foard County, TX",18,567,585,17,567,584,21,574,595,20,"520","540"
"2647","TX","Fort Bend County, TX",13622,378653,392275,15226,371320,386546,17443,358184,375627,18289,"348,446","366,735"
"2648","TX","Franklin County, TX",169,4485,4654,187,4378,4565,211,4333,4544,220,"4,287","4,507"
"2649","TX","Freestone County, TX",307,6093,6400,382,6170,6552,430,6325,6755,458,"6,408","6,866"
"2650","TX","Frio County, TX",271,10192,10463,288,9899,10187,368,8996,9364,426,"8,350","8,776"
"2651","TX","Gaines County, TX",235,9577,9812,239,9188,9427,280,8968,9248,341,"8,838","9,179"
"2652","TX","Galveston County, TX",6672,158807,165479,7515,155732,163247,8515,153462,161977,8517,"151,521","160,038"
"2653","TX","Garza County, TX",59,2117,2176,62,2074,2136,70,2051,2121,83,"2,046","2,129"
"2654","TX","Gillespie County, TX",329,13213,13542,337,13043,13380,341,12795,13136,369,"12,622","12,991"
"2655","TX","Glasscock County, TX",17,778,795,17,835,852,19,690,709,29,"720","749"
"2656","TX","Goliad County, TX",110,3162,3272,124,3158,3282,161,3115,3276,192,"3,124","3,316"
"2657","TX","Gonzales County, TX",258,9320,9578,286,9200,9486,326,9046,9372,405,"9,162","9,567"
"2658","TX","Gray County, TX",289,7791,8080,314,7813,8127,432,7802,8234,583,"7,898","8,481"
"2659","TX","Grayson County, TX",1958,62148,64106,2065,61205,63270,2196,59749,61945,2353,"58,827","61,180"
"2660","TX","Gregg County, TX",2173,56176,58349,2356,55120,57476,2961,54442,57403,3543,"54,789","58,332"
"2661","TX","Grimes County, TX",442,10822,11264,455,10658,11113,582,10302,10884,729,"10,319","11,048"
"2662","TX","Guadalupe County, TX",2399,79087,81486,2503,77802,80305,2614,75830,78444,2718,"73,213","75,931"
"2663","TX","Hale County, TX",547,11663,12210,593,11898,12491,640,11874,12514,706,"11,879","12,585"
"2664","TX","Hall County, TX",44,1029,1073,49,1061,1110,69,1060,1129,78,"1,087","1,165"
"2665","TX","Hamilton County, TX",111,3561,3672,119,3516,3635,142,3479,3621,176,"3,422","3,598"
"2666","TX","Hansford County, TX",65,2714,2779,66,2788,2854,73,2789,2862,92,"2,852","2,944"
"2667","TX","Hardeman County, TX",52,1670,1722,60,1618,1678,66,1593,1659,64,"1,560","1,624"
"2668","TX","Hardin County, TX",1163,24158,25321,1306,24082,25388,1551,23752,25303,1528,"23,620","25,148"
"2669","TX","Harris County, TX",88643,2228703,2317346,100021,2186339,2286360,114764,2150927,2265691,119667,"2,129,674","2,249,341"
"2670","TX","Harrison County, TX",1179,28306,29485,1293,28635,29928,1538,27926,29464,1795,"28,140","29,935"
"2671","TX","Hartley County, TX",46,2756,2802,51,2812,2863,57,2883,2940,60,"2,899","2,959"
"2672","TX","Haskell County, TX",75,2210,2285,90,2265,2355,117,2321,2438,106,"2,402","2,508"
"2673","TX","Hays County, TX",3300,116574,119874,3411,112777,116188,3486,107235,110721,3491,"101,347","104,838"
"2674","TX","Hemphill County, TX",53,1884,1937,46,2202,2248,58,2257,2315,79,"2,035","2,114"
"2675","TX","Henderson County, TX",1279,35239,36518,1354,34791,36145,1487,34153,35640,1651,"33,718","35,369"
"2676","TX","Hidalgo County, TX",21998,330817,352815,22751,324843,347594,25571,317398,342969,26279,"310,647","336,926"
"2677","TX","Hill County, TX",542,15867,16409,588,15700,16288,636,15534,16170,695,"15,104","15,799"
"2678","TX","Hockley County, TX",334,10956,11290,352,11082,11434,418,10844,11262,518,"10,649","11,167"
"2679","TX","Hood County, TX",935,26625,27560,990,26062,27052,1090,24835,25925,1185,"24,070","25,255"
"2680","TX","Hopkins County, TX",536,17008,17544,581,16742,17323,617,16552,17169,689,"16,628","17,317"
"2681","TX","Houston County, TX",325,10039,10364,378,9823,10201,450,9937,10387,463,"9,595","10,058"
"2682","TX","Howard County, TX",436,13604,14040,444,13152,13596,563,12657,13220,730,"12,477","13,207"
"2683","TX","Hudspeth County, TX",80,1747,1827,82,1720,1802,96,1568,1664,92,"1,449","1,541"
"2684","TX","Hunt County, TX",1541,41871,43412,1607,40897,42504,1650,39733,41383,1732,"38,767","40,499"
"2685","TX","Hutchinson County, TX",386,8315,8701,444,8550,8994,568,8832,9400,541,"9,089","9,630"
"2686","TX","Irion County, TX",18,743,761,23,743,766,23,733,756,25,"755","780"
"2687","TX","Jack County, TX",109,3362,3471,109,4269,4378,147,3806,3953,190,"3,663","3,853"
"2688","TX","Jackson County, TX",228,7360,7588,239,7128,7367,294,7080,7374,339,"6,932","7,271"
"2689","TX","Jasper County, TX",786,12083,12869,857,12376,13233,1002,12446,13448,1031,"12,429","13,460"
"2690","TX","Jeff Davis County, TX",30,1010,1040,31,1038,1069,34,1033,1067,31,"1,041","1,072"
"2691","TX","Jefferson County, TX",6225,100737,106962,6764,100432,107196,7931,99675,107606,7518,"99,932","107,450"
"2692","TX","Jim Hogg County, TX",90,1794,1884,106,1772,1878,139,1767,1906,185,"1,758","1,943"
"2693","TX","Jim Wells County, TX",798,16054,16852,915,16071,16986,1262,15391,16653,1838,"15,614","17,452"
"2694","TX","Johnson County, TX",2644,79532,82176,2744,77721,80465,2960,75128,78088,3305,"72,703","76,008"
"2695","TX","Jones County, TX",244,5494,5738,267,5352,5619,301,5349,5650,325,"5,297","5,622"
"2696","TX","Karnes County, TX",179,7008,7187,194,6667,6861,225,6223,6448,306,"5,968","6,274"
"2697","TX","Kaufman County, TX",2112,62485,64597,2171,60970,63141,2138,58196,60334,2189,"55,704","57,893"
"2698","TX","Kendall County, TX",599,21533,22132,632,21227,21859,648,20446,21094,649,"19,689","20,338"
"2699","TX","Kenedy County, TX",8,215,223,9,238,247,8,234,242,10,"207","217"
"2700","TX","Kent County, TX",11,467,478,11,441,452,12,442,454,14,"455","469"
"2701","TX","Kerr County, TX",658,21593,22251,699,21101,21800,727,20609,21336,766,"20,583","21,349"
"2702","TX","Kimble County, TX",57,1805,1862,56,1818,1874,67,1824,1891,74,"1,877","1,951"
"2703","TX","King County, TX",5,228,233,6,205,211,6,159,165,7,"171","178"
"2704","TX","Kinney County, TX",50,1327,1377,59,1293,1352,65,1101,1166,67,"1,089","1,156"
"2705","TX","Kleberg County, TX",588,12908,13496,655,12657,13312,792,12604,13396,946,"13,157","14,103"
"2706","TX","Knox County, TX",47,1397,1444,52,1400,1452,59,1425,1484,66,"1,492","1,558"
"2707","TX","Lamar County, TX",811,23241,24052,893,22874,23767,996,22760,23756,1073,"22,146","23,219"
"2708","TX","Lamb County, TX",203,5108,5311,228,4982,5210,268,4923,5191,340,"4,905","5,245"
"2709","TX","Lampasas County, TX",302,8910,9212,340,8810,9150,344,8869,9213,380,"8,777","9,157"
"2710","TX","La Salle County, TX",106,4295,4401,110,4475,4585,154,4052,4206,199,"3,685","3,884"
"2711","TX","Lavaca County, TX",257,8333,8590,272,8514,8786,315,8420,8735,368,"8,370","8,738"
"2712","TX","Lee County, TX",268,9852,10120,288,9185,9473,315,9225,9540,350,"8,930","9,280"
"2713","TX","Leon County, TX",276,6049,6325,304,5823,6127,391,5797,6188,421,"6,087","6,508"
"2714","TX","Liberty County, TX",1669,31432,33101,1888,30831,32719,2277,29702,31979,2369,"29,156","31,525"
"2715","TX","Limestone County, TX",333,8260,8593,387,8019,8406,463,7853,8316,465,"7,857","8,322"
"2716","TX","Lipscomb County, TX",43,1607,1650,45,1607,1652,52,1573,1625,73,"1,578","1,651"
"2717","TX","Live Oak County, TX",172,5392,5564,194,4987,5181,253,5165,5418,308,"4,893","5,201"
"2718","TX","Llano County, TX",299,8380,8679,314,8205,8519,318,8048,8366,345,"7,944","8,289"
"2719","TX","Loving County, TX",4,538,542,4,264,268,5,95,100,4,"82","86"
"2720","TX","Lubbock County, TX",4454,153680,158134,4755,151778,156533,4960,151032,155992,5194,"148,310","153,504"
"2721","TX","Lynn County, TX",82,2693,2775,89,2659,2748,104,2669,2773,108,"2,621","2,729"
"2722","TX","McCulloch County, TX",181,3307,3488,123,3626,3749,130,3555,3685,166,"3,543","3,709"
"2723","TX","McLennan County, TX",3961,115668,119629,4210,114001,118211,4578,113493,118071,4582,"111,471","116,053"
"2724","TX","McMullen County, TX",13,808,821,13,703,716,14,735,749,18,"843","861"
"2725","TX","Madison County, TX",194,4361,4555,199,4365,4564,221,4465,4686,242,"4,524","4,766"
"2726","TX","Marion County, TX",181,4058,4239,190,4062,4252,246,4090,4336,304,"4,036","4,340"
"2727","TX","Martin County, TX",75,2814,2889,68,2702,2770,81,2444,2525,109,"2,372","2,481"
"2728","TX","Mason County, TX",57,1715,1772,55,1720,1775,61,1753,1814,65,"1,725","1,790"
"2729","TX","Matagorda County, TX",946,15766,16712,1021,15780,16801,1232,15671,16903,1232,"15,642","16,874"
"2730","TX","Maverick County, TX",1790,22013,23803,1915,21720,23635,2234,21690,23924,2717,"21,505","24,222"
"2731","TX","Medina County, TX",686,21142,21828,744,20813,21557,825,20457,21282,922,"20,060","20,982"
"2732","TX","Menard County, TX",30,832,862,33,794,827,39,767,806,36,"780","816"
"2733","TX","Midland County, TX",2205,105290,107495,2175,100784,102959,2711,88048,90759,3739,"81,271","85,010"
"2734","TX","Milam County, TX",487,9301,9788,540,9347,9887,508,9586,10094,528,"9,735","10,263"
"2735","TX","Mills County, TX",62,1842,1904,65,1805,1870,68,1844,1912,80,"1,844","1,924"
"2736","TX","Mitchell County, TX",82,2243,2325,96,2230,2326,136,2362,2498,183,"2,425","2,608"
"2737","TX","Montague County, TX",265,9058,9323,288,8850,9138,363,8725,9088,446,"8,582","9,028"
"2738","TX","Montgomery County, TX",9659,274419,284078,10402,269261,279663,11769,258443,270212,13004,"252,769","265,773"
"2739","TX","Moore County, TX",255,10660,10915,287,10583,10870,318,10752,11070,331,"10,857","11,188"
"2740","TX","Morris County, TX",256,4552,4808,308,4401,4709,402,4276,4678,534,"4,357","4,891"
"2741","TX","Motley County, TX",17,466,483,17,446,463,18,477,495,18,"490","508"
"2742","TX","Nacogdoches County, TX",1057,27153,28210,1106,27548,28654,1213,27346,28559,1341,"27,356","28,697"
"2743","TX","Navarro County, TX",778,23283,24061,866,22784,23650,899,21921,22820,950,"21,807","22,757"
"2744","TX","Newton County, TX",324,4858,5182,346,4841,5187,421,4856,5277,423,"4,926","5,349"
"2745","TX","Nolan County, TX",206,6860,7066,219,6499,6718,273,6506,6779,329,"6,533","6,862"
"2746","TX","Nueces County, TX",6875,160536,167411,7768,160082,167850,9086,158897,167983,9433,"158,247","167,680"
"2747","TX","Ochiltree County, TX",117,4213,4330,123,4333,4456,164,4359,4523,244,"4,416","4,660"
"2748","TX","Oldham County, TX",26,890,916,24,882,906,23,879,902,27,"881","908"
"2749","TX","Orange County, TX",1877,34518,36395,2099,34418,36517,2569,34577,37146,2499,"34,835","37,334"
"2750","TX","Palo Pinto County, TX",427,13175,13602,448,13053,13501,549,12852,13401,722,"12,522","13,244"
"2751","TX","Panola County, TX",409,9799,10208,444,10256,10700,564,9843,10407,732,"9,493","10,225"
"2752","TX","Parker County, TX",1959,65373,67332,2027,63922,65949,2187,61045,63232,2487,"58,758","61,245"
"2753","TX","Parmer County, TX",110,4787,4897,114,4773,4887,121,4799,4920,124,"4,822","4,946"
"2754","TX","Pecos County, TX",209,6188,6397,232,6185,6417,292,5978,6270,381,"6,112","6,493"
"2755","TX","Polk County, TX",852,17171,18023,896,16941,17837,1067,16459,17526,1096,"16,276","17,372"
"2756","TX","Potter County, TX",1515,53668,55183,1596,53305,54901,1781,53656,55437,1876,"54,257","56,133"
"2757","TX","Presidio County, TX",202,2902,3104,209,2831,3040,286,2755,3041,329,"2,749","3,078"
"2758","TX","Rains County, TX",182,5862,6044,204,5704,5908,205,5497,5702,222,"5,329","5,551"
"2759","TX","Randall County, TX",1751,70315,72066,1855,69789,71644,1998,68918,70916,2082,"68,549","70,631"
"2760","TX","Reagan County, TX",48,1861,1909,46,1828,1874,69,1725,1794,105,"1,596","1,701"
"2761","TX","Real County, TX",42,1020,1062,52,997,1049,60,994,1054,59,"982","1,041"
"2762","TX","Red River County, TX",235,4873,5108,273,4814,5087,272,4927,5199,291,"4,740","5,031"
"2763","TX","Reeves County, TX",194,11209,11403,194,9217,9411,250,6745,6995,320,"5,711","6,031"
"2764","TX","Refugio County, TX",118,3036,3154,143,2993,3136,181,3061,3242,207,"2,927","3,134"
"2765","TX","Roberts County, TX",13,405,418,12,416,428,17,424,441,20,"422","442"
"2766","TX","Robertson County, TX",273,7383,7656,312,7223,7535,352,7096,7448,367,"6,886","7,253"
"2767","TX","Rockwall County, TX",1601,50482,52083,1633,49296,50929,1645,47330,48975,1656,"45,673","47,329"
"2768","TX","Runnels County, TX",129,4475,4604,142,4434,4576,169,4411,4580,183,"4,463","4,646"
"2769","TX","Rusk County, TX",823,22251,23074,921,21847,22768,1123,21002,22125,1301,"21,062","22,363"
"2770","TX","Sabine County, TX",247,3490,3737,279,3265,3544,307,3267,3574,326,"3,155","3,481"
"2771","TX","San Augustine County, TX",162,3240,3402,192,2813,3005,215,2654,2869,250,"2,552","2,802"
"2772","TX","San Jacinto County, TX",538,11211,11749,568,10948,11516,653,10807,11460,715,"10,706","11,421"
"2773","TX","San Patricio County, TX",1628,28278,29906,1893,28185,30078,2345,28218,30563,2278,"28,316","30,594"
"2774","TX","San Saba County, TX",75,2494,2569,77,2461,2538,78,2340,2418,83,"2,364","2,447"
"2775","TX","Schleicher County, TX",38,1285,1323,39,1331,1370,50,1284,1334,74,"1,346","1,420"
"2776","TX","Scurry County, TX",218,6518,6736,233,6695,6928,302,6685,6987,435,"6,969","7,404"
"2777","TX","Shackelford County, TX",42,1868,1910,44,1899,1943,56,1833,1889,72,"1,804","1,876"
"2778","TX","Shelby County, TX",440,10738,11178,471,10551,11022,556,10223,10779,656,"10,293","10,949"
"2779","TX","Sherman County, TX",32,1347,1379,35,1295,1330,40,1250,1290,39,"1,310","1,349"
"2780","TX","Smith County, TX",3587,103584,107171,3871,102951,106822,4338,101697,106035,4760,"100,638","105,398"
"2781","TX","Somervell County, TX",155,4209,4364,176,4116,4292,191,3997,4188,198,"3,932","4,130"
"2782","TX","Starr County, TX",2482,22745,25227,2528,22642,25170,3069,23034,26103,3512,"22,821","26,333"
"2783","TX","Stephens County, TX",126,3983,4109,144,3851,3995,182,3823,4005,211,"3,804","4,015"
"2784","TX","Sterling County, TX",18,561,579,19,562,581,22,572,594,26,"643","669"
"2785","TX","Stonewall County, TX",17,571,588,20,570,590,21,593,614,28,"612","640"
"2786","TX","Sutton County, TX",53,1361,1414,56,1402,1458,77,1430,1507,126,"1,464","1,590"
"2787","TX","Swisher County, TX",97,2531,2628,113,2540,2653,110,2581,2691,115,"2,599","2,714"
"2788","TX","Tarrant County, TX",35655,1046916,1082571,36941,1023016,1059957,38544,997799,1036343,40152,"970,542","1,010,694"
"2789","TX","Taylor County, TX",1921,65005,66926,2050,63293,65343,2267,61947,64214,2363,"60,908","63,271"
"2790","TX","Terrell County, TX",13,364,377,13,365,378,18,375,393,16,"390","406"
"2791","TX","Terry County, TX",183,4823,5006,208,4923,5131,264,4981,5245,255,"5,093","5,348"
"2792","TX","Throckmorton County, TX",25,631,656,23,678,701,30,661,691,26,"717","743"
"2793","TX","Titus County, TX",541,12435,12976,645,12252,12897,698,12252,12950,792,"12,080","12,872"
"2794","TX","Tom Green County, TX",1651,52917,54568,1707,52939,54646,1986,52178,54164,2425,"51,803","54,228"
"2795","TX","Travis County, TX",19047,722054,741101,20370,698868,719238,21295,677404,698699,21520,"656,425","677,945"
"2796","TX","Trinity County, TX",253,5064,5317,272,5042,5314,297,5079,5376,333,"5,147","5,480"
"2797","TX","Tyler County, TX",412,6744,7156,459,6521,6980,519,6553,7072,526,"6,684","7,210"
"2798","TX","Upshur County, TX",663,17251,17914,736,16938,17674,928,16791,17719,1145,"16,742","17,887"
"2799","TX","Upton County, TX",49,1626,1675,54,1526,1580,58,1490,1548,84,"1,497","1,581"
"2800","TX","Uvalde County, TX",436,11065,11501,485,10981,11466,547,11156,11703,626,"11,177","11,803"
"2801","TX","Val Verde County, TX",770,22162,22932,863,21560,22423,1021,19071,20092,1255,"18,874","20,129"
"2802","TX","Van Zandt County, TX",849,25233,26082,898,24859,25757,953,24433,25386,1067,"23,775","24,842"
"2803","TX","Victoria County, TX",1474,41380,42854,1634,41321,42955,2074,40874,42948,2366,"41,329","43,695"
"2804","TX","Walker County, TX",936,23214,24150,994,22883,23877,1095,22591,23686,1243,"22,531","23,774"
"2805","TX","Waller County, TX",878,22597,23475,979,22162,23141,1095,21289,22384,1236,"20,925","22,161"
"2806","TX","Ward County, TX",172,7316,7488,172,6602,6774,226,5361,5587,307,"5,085","5,392"
"2807","TX","Washington County, TX",499,14656,15155,536,14336,14872,626,14246,14872,765,"14,311","15,076"
"2808","TX","Webb County, TX",4379,114247,118626,4355,111939,116294,4843,110273,115116,5552,"108,240","113,792"
"2809","TX","Wharton County, TX",735,20935,21670,784,20500,21284,946,20153,21099,1057,"20,004","21,061"
"2810","TX","Wheeler County, TX",69,2210,2279,76,2351,2427,93,2260,2353,117,"2,364","2,481"
"2811","TX","Wichita County, TX",1788,54574,56362,1907,54461,56368,2068,54010,56078,2402,"53,035","55,437"
"2812","TX","Wilbarger County, TX",177,4798,4975,206,4772,4978,232,4730,4962,237,"4,809","5,046"
"2813","TX","Willacy County, TX",540,6052,6592,627,5762,6389,697,5626,6323,795,"5,703","6,498"
"2814","TX","Williamson County, TX",8772,305127,313899,9245,294970,304215,9499,281296,290795,9331,"269,165","278,496"
"2815","TX","Wilson County, TX",702,24174,24876,749,23798,24547,844,23340,24184,926,"22,815","23,741"
"2816","TX","Winkler County, TX",113,3913,4026,114,3912,4026,167,3092,3259,236,"2,832","3,068"
"2817","TX","Wise County, TX",1027,30864,31891,1068,30184,31252,1208,28965,30173,1388,"28,025","29,413"
"2818","TX","Wood County, TX",685,17008,17693,735,16621,17356,814,16529,17343,906,"16,328","17,234"
"2819","TX","Yoakum County, TX",109,3641,3750,106,3608,3714,135,3688,3823,179,"3,579","3,758"
"2820","TX","Young County, TX",238,7802,8040,262,7904,8166,304,7772,8076,363,"7,941","8,304"
"2821","TX","Zapata County, TX",258,4787,5045,295,5063,5358,401,4988,5389,559,"4,645","5,204"
"2822","TX","Zavala County, TX",284,3050,3334,340,3219,3559,417,3315,3732,538,"3,345","3,883"
"2823","UT","Utah",41906,1565782,1607688,47679,1522290,1569969,50522,1496465,1546987,51906,"1,453,543","1,505,449"
"2824","UT","Beaver County, UT",86,2783,2869,103,2902,3005,124,2916,3040,152,"2,924","3,076"
"2825","UT","Box Elder County, UT",682,25222,25904,749,24693,25442,831,24486,25317,862,"23,821","24,683"
"2826","UT","Cache County, UT",1397,62779,64176,1654,61598,63252,1741,60855,62596,1871,"59,361","61,232"
"2827","UT","Carbon County, UT",315,8202,8517,371,8090,8461,420,7858,8278,496,"7,838","8,334"
"2828","UT","Daggett County, UT",15,378,393,17,381,398,21,408,429,24,"439","463"
"2829","UT","Davis County, UT",4211,169589,173800,4850,165119,169969,5197,163348,168545,5191,"159,150","164,341"
"2830","UT","Duchesne County, UT",305,7457,7762,343,7369,7712,458,7519,7977,722,"7,391","8,113"
"2831","UT","Emery County, UT",173,4139,4312,202,4119,4321,216,3973,4189,267,"3,998","4,265"
"2832","UT","Garfield County, UT",173,2611,2784,212,2561,2773,219,2681,2900,233,"2,561","2,794"
"2833","UT","Grand County, UT",242,5953,6195,281,5775,6056,316,5616,5932,337,"5,390","5,727"
"2834","UT","Iron County, UT",704,23326,24030,799,22062,22861,932,21309,22241,936,"20,531","21,467"
"2835","UT","Juab County, UT",144,5576,5720,163,5401,5564,183,5237,5420,190,"5,028","5,218"
"2836","UT","Kane County, UT",111,3707,3818,119,3666,3785,129,3614,3743,141,"3,552","3,693"
"2837","UT","Millard County, UT",165,5832,5997,198,6002,6200,211,6220,6431,207,"6,005","6,212"
"2838","UT","Morgan County, UT",135,5428,5563,147,5293,5440,154,5233,5387,153,"4,989","5,142"
"2839","UT","Piute County, UT",23,459,482,25,455,480,24,459,483,27,"431","458"
"2840","UT","Rich County, UT",36,1136,1172,37,1134,1171,37,1103,1140,35,"1,060","1,095"
"2841","UT","Salt Lake County, UT",15974,618767,634741,18235,601161,619396,19150,595348,614498,19122,"582,448","601,570"
"2842","UT","San Juan County, UT",290,5435,5725,347,5353,5700,401,5295,5696,464,"5,278","5,742"
"2843","UT","Sanpete County, UT",398,12081,12479,453,11995,12448,475,11536,12011,471,"11,328","11,799"
"2844","UT","Sevier County, UT",303,9438,9741,344,9519,9863,379,9406,9785,421,"9,168","9,589"
"2845","UT","Summit County, UT",612,24427,25039,720,23633,24353,758,23567,24325,752,"23,121","23,873"
"2846","UT","Tooele County, UT",978,33024,34002,1107,32099,33206,1167,31139,32306,1171,"29,655","30,826"
"2847","UT","Uintah County, UT",575,13096,13671,622,12961,13583,830,12850,13680,1319,"12,814","14,133"
"2848","UT","Utah County, UT",7326,300283,307609,8295,290741,299036,8547,282093,290640,8631,"270,282","278,913"
"2849","UT","Wasatch County, UT",436,15705,16141,468,14660,15128,487,14116,14603,471,"13,431","13,902"
"2850","UT","Washington County, UT",2250,73806,76056,2479,71555,74034,2477,68238,70715,2514,"64,738","67,252"
"2851","UT","Wayne County, UT",78,1339,1417,84,1343,1427,108,1353,1461,112,"1,316","1,428"
"2852","UT","Weber County, UT",3773,123806,127579,4255,120651,124906,4533,118690,123223,4616,"115,498","120,114"
"2853","VT","Vermont",8156,334070,342226,8804,336496,345300,10163,335571,345734,11120,"333,628","344,748"
"2854","VT","Addison County, VT",475,20091,20566,507,20215,20722,573,20197,20770,618,"20,237","20,855"
"2855","VT","Bennington County, VT",531,17539,18070,550,17757,18307,650,17616,18266,693,"17,756","18,449"
"2856","VT","Caledonia County, VT",430,14030,14460,460,14218,14678,533,14165,14698,617,"14,284","14,901"
"2857","VT","Chittenden County, VT",1728,94707,96435,1908,95189,97097,2140,94635,96775,2376,"92,854","95,230"
"2858","VT","Essex County, VT",87,2595,2682,93,2599,2692,122,2572,2694,134,"2,566","2,700"
"2859","VT","Franklin County, VT",639,26674,27313,664,26906,27570,822,26810,27632,847,"26,510","27,357"
"2860","VT","Grand Isle County, VT",116,3925,4041,125,3945,4070,138,3922,4060,148,"3,827","3,975"
"2861","VT","Lamoille County, VT",434,13454,13888,473,13495,13968,550,13526,14076,589,"13,333","13,922"
"2862","VT","Orange County, VT",378,15527,15905,406,15527,15933,479,15454,15933,493,"15,407","15,900"
"2863","VT","Orleans County, VT",562,12713,13275,577,12924,13501,681,12920,13601,709,"12,828","13,537"
"2864","VT","Rutland County, VT",838,29608,30446,924,29828,30752,1066,30030,31096,1183,"30,277","31,460"
"2865","VT","Washington County, VT",774,33586,34360,854,33658,34512,987,33273,34260,1079,"32,826","33,905"
"2866","VT","Windham County, VT",561,21416,21977,614,21856,22470,691,22132,22823,772,"22,449","23,221"
"2867","VT","Windsor County, VT",604,28205,28809,650,28384,29034,730,28318,29048,858,"28,473","29,331"
"2868","VA","Virginia",123114,4289132,4412246,131502,4209651,4341153,159430,4151746,4311176,173665,"4,069,395","4,243,060"
"2869","VA","Accomack County, VA",591,16117,16708,649,16099,16748,752,15876,16628,780,"15,003","15,783"
"2870","VA","Albemarle County, VA",1432,56256,57688,1531,54672,56203,1820,53519,55339,1949,"52,432","54,381"
"2871","VA","Alleghany County, VA",238,6677,6915,261,6669,6930,321,6683,7004,356,"6,568","6,924"
"2872","VA","Amelia County, VA",200,6123,6323,207,6001,6208,247,5961,6208,266,"5,925","6,191"
"2873","VA","Amherst County, VA",485,14651,15136,500,14444,14944,613,14389,15002,662,"14,310","14,972"
"2874","VA","Appomattox County, VA",250,6959,7209,264,6855,7119,309,6774,7083,330,"6,658","6,988"
"2875","VA","Arlington County, VA",2966,152803,155769,3103,149115,152218,3719,146174,149893,3861,"142,317","146,178"
"2876","VA","Augusta County, VA",916,36806,37722,1014,35783,36797,1247,35468,36715,1359,"35,436","36,795"
"2877","VA","Bath County, VA",62,2447,2509,63,2450,2513,77,2484,2561,93,"2,399","2,492"
"2878","VA","Bedford County, VA",1106,37606,38712,1187,37083,38270,1470,36619,38089,1564,"36,349","37,913"
"2879","VA","Bland County, VA",79,2777,2856,91,2742,2833,118,2750,2868,145,"2,591","2,736"
"2880","VA","Botetourt County, VA",445,17049,17494,471,16811,17282,606,16661,17267,635,"16,691","17,326"
"2881","VA","Brunswick County, VA",285,5781,6066,301,5699,6000,324,5794,6118,373,"5,830","6,203"
"2882","VA","Buchanan County, VA",380,6359,6739,383,6545,6928,493,6496,6989,741,"6,113","6,854"
"2883","VA","Buckingham County, VA",269,6206,6475,286,6027,6313,339,5977,6316,343,"5,916","6,259"
"2884","VA","Campbell County, VA",816,25349,26165,888,25002,25890,1077,24974,26051,1160,"24,746","25,906"
"2885","VA","Caroline County, VA",490,14879,15369,535,14611,15146,645,14375,15020,669,"14,170","14,839"
"2886","VA","Carroll County, VA",474,12818,13292,487,12802,13289,596,12911,13507,672,"12,274","12,946"
"2887","VA","Charles City County, VA",126,3566,3692,148,3495,3643,176,3507,3683,171,"3,545","3,716"
"2888","VA","Charlotte County, VA",188,5109,5297,194,5015,5209,242,5078,5320,265,"4,981","5,246"
"2889","VA","Chesterfield County, VA",5179,183821,189000,5533,180588,186121,6605,177006,183611,7038,"173,447","180,485"
"2890","VA","Clarke County, VA",189,7476,7665,220,7280,7500,254,7194,7448,268,"7,156","7,424"
"2891","VA","Craig County, VA",74,2238,2312,83,2207,2290,99,2188,2287,113,"2,234","2,347"
"2892","VA","Culpeper County, VA",643,24175,24818,709,23569,24278,863,23037,23900,917,"22,499","23,416"
"2893","VA","Cumberland County, VA",141,4523,4664,154,4494,4648,194,4491,4685,214,"4,384","4,598"
"2894","VA","Dickenson County, VA",234,4497,4731,236,4287,4523,313,4318,4631,458,"4,112","4,570"
"2895","VA","Dinwiddie County, VA",450,13319,13769,482,13069,13551,600,12822,13422,661,"12,767","13,428"
"2896","VA","Essex County, VA",196,5330,5526,214,5293,5507,268,5320,5588,270,"5,247","5,517"
"2897","VA","Fairfax County, VA",14640,626394,641034,15630,611282,626912,18924,604061,622985,20070,"595,834","615,904"
"2898","VA","Fauquier County, VA",912,36655,37567,972,35709,36681,1175,34743,35918,1262,"34,614","35,876"
"2899","VA","Floyd County, VA",213,8014,8227,224,7884,8108,295,7780,8075,336,"7,843","8,179"
"2900","VA","Fluvanna County, VA",323,13698,14021,348,13319,13667,408,13000,13408,448,"12,716","13,164"
"2901","VA","Franklin County, VA",780,25742,26522,819,25363,26182,1025,25282,26307,1141,"25,192","26,333"
"2902","VA","Frederick County, VA",1169,47290,48459,1254,46098,47352,1475,44897,46372,1600,"43,677","45,277"
"2903","VA","Giles County, VA",258,7669,7927,266,7569,7835,367,7499,7866,430,"7,502","7,932"
"2904","VA","Gloucester County, VA",507,19198,19705,533,18948,19481,638,18712,19350,704,"18,360","19,064"
"2905","VA","Goochland County, VA",311,10991,11302,336,10788,11124,378,10443,10821,412,"10,403","10,815"
"2906","VA","Grayson County, VA",234,7819,8053,237,7430,7667,303,7367,7670,362,"6,652","7,014"
"2907","VA","Greene County, VA",247,10331,10578,264,10042,10306,308,9834,10142,328,"9,590","9,918"
"2908","VA","Greensville County, VA",147,4160,4307,162,4209,4371,192,4232,4424,215,"3,987","4,202"
"2909","VA","Halifax County, VA",616,15066,15682,630,14525,15155,759,14785,15544,875,"13,973","14,848"
"2910","VA","Hanover County, VA",1441,58264,59705,1559,57218,58777,1924,56188,58112,2023,"55,071","57,094"
"2911","VA","Henrico County, VA",5114,178372,183486,5506,175257,180763,6575,173585,180160,7033,"171,571","178,604"
"2912","VA","Henry County, VA",799,23069,23868,891,22781,23672,1100,22650,23750,1248,"20,866","22,114"
"2913","VA","Highland County, VA",34,1214,1248,35,1220,1255,42,1250,1292,42,"1,264","1,306"
"2914","VA","Isle of Wight County, VA",553,19017,19570,582,18766,19348,731,18352,19083,823,"18,082","18,905"
"2915","VA","James City County, VA",981,35860,36841,1074,35422,36496,1259,34630,35889,1363,"33,453","34,816"
"2916","VA","King and Queen County, VA",108,3763,3871,119,3732,3851,132,3666,3798,154,"3,501","3,655"
"2917","VA","King George County, VA",358,13157,13515,395,12799,13194,483,12450,12933,532,"11,772","12,304"
"2918","VA","King William County, VA",252,8976,9228,272,8810,9082,306,8621,8927,335,"8,403","8,738"
"2919","VA","Lancaster County, VA",234,5230,5464,233,5059,5292,277,5055,5332,290,"4,813","5,103"
"2920","VA","Lee County, VA",339,7967,8306,347,7961,8308,441,8105,8546,579,"7,856","8,435"
"2921","VA","Loudoun County, VA",5159,219414,224573,5528,214065,219593,6480,207604,214084,6681,"200,319","207,000"
"2922","VA","Louisa County, VA",532,19517,20049,558,19200,19758,666,18908,19574,716,"17,827","18,543"
"2923","VA","Lunenburg County, VA",169,5169,5338,174,5146,5320,221,5131,5352,244,"5,001","5,245"
"2924","VA","Madison County, VA",166,7295,7461,180,7092,7272,212,7049,7261,226,"6,936","7,162"
"2925","VA","Mathews County, VA",121,4048,4169,125,3997,4122,152,3941,4093,163,"3,871","4,034"
"2926","VA","Mecklenburg County, VA",508,12105,12613,522,12145,12667,621,12115,12736,707,"11,738","12,445"
"2927","VA","Middlesex County, VA",138,5181,5319,143,5087,5230,172,5142,5314,194,"4,827","5,021"
"2928","VA","Montgomery County, VA",1427,48937,50364,1491,48368,49859,1861,47802,49663,2076,"47,588","49,664"
"2929","VA","Nelson County, VA",208,7300,7508,230,7088,7318,254,7029,7283,263,"6,963","7,226"
"2930","VA","New Kent County, VA",300,12277,12577,341,12055,12396,380,11598,11978,399,"11,257","11,656"
"2931","VA","Northampton County, VA",244,5241,5485,295,5090,5385,308,5206,5514,344,"5,525","5,869"
"2932","VA","Northumberland County, VA",246,5458,5704,249,5291,5540,289,5269,5558,300,"5,142","5,442"
"2933","VA","Nottoway County, VA",203,7095,7298,225,6986,7211,271,6852,7123,283,"6,743","7,026"
"2934","VA","Orange County, VA",519,16961,17480,521,16492,17013,634,16218,16852,671,"15,670","16,341"
"2935","VA","Page County, VA",464,11601,12065,504,11389,11893,608,11260,11868,651,"10,930","11,581"
"2936","VA","Patrick County, VA",258,7084,7342,291,7144,7435,325,7363,7688,389,"7,554","7,943"
"2937","VA","Pittsylvania County, VA",1019,29191,30210,1097,29391,30488,1313,29339,30652,1424,"28,236","29,660"
"2938","VA","Powhatan County, VA",361,13892,14253,381,13644,14025,454,13275,13729,488,"13,130","13,618"
"2939","VA","Prince Edward County, VA",393,10051,10444,405,9997,10402,493,9744,10237,546,"9,596","10,142"
"2940","VA","Prince George County, VA",511,14695,15206,553,14434,14987,664,14255,14919,733,"14,180","14,913"
"2941","VA","Prince William County, VA",6268,241558,247826,6762,235713,242475,8126,231140,239266,8643,"225,991","234,634"
"2942","VA","Pulaski County, VA",555,15594,16149,560,15412,15972,859,15338,16197,979,"15,273","16,252"
"2943","VA","Rappahannock County, VA",94,3633,3727,102,3538,3640,127,3518,3645,132,"3,574","3,706"
"2944","VA","Richmond County, VA",121,3976,4097,128,3922,4050,146,3897,4043,146,"3,757","3,903"
"2945","VA","Roanoke County, VA",1262,48349,49611,1356,47711,49067,1662,47231,48893,1772,"47,296","49,068"
"2946","VA","Rockbridge County, VA",296,10523,10819,321,10246,10567,436,10134,10570,462,"9,986","10,448"
"2947","VA","Rockingham County, VA",1005,41146,42151,1112,39968,41080,1316,39271,40587,1438,"39,064","40,502"
"2948","VA","Russell County, VA",473,10754,11227,484,10702,11186,594,10839,11433,733,"10,498","11,231"
"2949","VA","Scott County, VA",286,8863,9149,301,8799,9100,376,8926,9302,465,"8,948","9,413"
"2950","VA","Shenandoah County, VA",563,21863,22426,641,21528,22169,730,20891,21621,791,"20,008","20,799"
"2951","VA","Smyth County, VA",515,13296,13811,552,13109,13661,690,13186,13876,801,"12,860","13,661"
"2952","VA","Southampton County, VA",244,8895,9139,255,8774,9029,324,8708,9032,358,"8,666","9,024"
"2953","VA","Spotsylvania County, VA",1966,65697,67663,2059,64094,66153,2437,62938,65375,2679,"62,177","64,856"
"2954","VA","Stafford County, VA",2001,70711,72712,2136,68995,71131,2502,66922,69424,2699,"65,501","68,200"
"2955","VA","Surry County, VA",127,3568,3695,130,3620,3750,165,3573,3738,194,"3,458","3,652"
"2956","VA","Sussex County, VA",173,3660,3833,189,3572,3761,227,3592,3819,250,"3,694","3,944"
"2957","VA","Tazewell County, VA",688,15060,15748,712,15199,15911,909,15239,16148,1207,"14,731","15,938"
"2958","VA","Warren County, VA",579,20032,20611,629,19540,20169,735,19124,19859,804,"18,868","19,672"
"2959","VA","Washington County, VA",887,25919,26806,915,25748,26663,1100,25723,26823,1222,"25,590","26,812"
"2960","VA","Westmoreland County, VA",334,9204,9538,348,9023,9371,416,8937,9353,415,"8,552","8,967"
"2961","VA","Wise County, VA",623,12809,13432,662,12548,13210,860,12678,13538,1129,"12,063","13,192"
"2962","VA","Wythe County, VA",494,13282,13776,519,13208,13727,702,13324,14026,786,"12,856","13,642"
"2963","VA","York County, VA",879,32110,32989,926,31730,32656,1139,31362,32501,1258,"30,810","32,068"
"2964","VA","Alexandria city, VA",2161,100093,102254,2303,97676,99979,2826,96481,99307,2826,"93,422","96,248"
"2965","VA","Bristol city, VA",272,6946,7218,274,6903,7177,330,7013,7343,381,"7,058","7,439"
"2966","VA","Buena Vista city, VA",94,3342,3436,107,3244,3351,141,3213,3354,168,"3,104","3,272"
"2967","VA","Charlottesville city, VA",631,26011,26642,672,25291,25963,793,24974,25767,847,"23,997","24,844"
"2968","VA","Chesapeake city, VA",3566,119957,123523,3765,118533,122298,4562,116298,120860,5086,"112,696","117,782"
"2969","VA","Colonial Heights city, VA",284,8593,8877,296,8442,8738,353,8393,8746,394,"8,306","8,700"
"2970","VA","Covington city, VA",100,2293,2393,114,2286,2400,147,2299,2446,141,"2,239","2,380"
"2971","VA","Danville city, VA",965,18261,19226,1007,18569,19576,1125,18803,19928,1169,"17,916","19,085"
"2972","VA","Emporia city, VA",114,2189,2303,112,2221,2333,124,2237,2361,146,"2,096","2,242"
"2973","VA","Fairfax city, VA",289,13284,13573,308,12963,13271,372,12584,12956,400,"12,554","12,954"
"2974","VA","Falls Church city, VA",177,8499,8676,185,8295,8480,219,8107,8326,220,"7,748","7,968"
"2975","VA","Franklin city, VA",145,3453,3598,159,3430,3589,188,3381,3569,216,"3,317","3,533"
"2976","VA","Fredericksburg city, VA",479,13803,14282,492,13471,13963,593,12998,13591,655,"12,887","13,542"
"2977","VA","Galax city, VA",96,2836,2932,102,2827,2929,125,2880,3005,145,"2,754","2,899"
"2978","VA","Hampton city, VA",2454,62353,64807,2643,61619,64262,3244,61183,64427,3679,"60,210","63,889"
"2979","VA","Harrisonburg city, VA",808,24345,25153,871,23686,24557,1088,23679,24767,1180,"23,019","24,199"
"2980","VA","Hopewell city, VA",416,9341,9757,470,9178,9648,596,9144,9740,644,"9,122","9,766"
"2981","VA","Lexington city, VA",98,2001,2099,100,1979,2079,128,1994,2122,140,"2,122","2,262"
"2982","VA","Lynchburg city, VA",1360,35238,36598,1479,34770,36249,1767,34263,36030,1863,"33,610","35,473"
"2983","VA","Manassas city, VA",557,21696,22253,596,21174,21770,728,20905,21633,787,"20,779","21,566"
"2984","VA","Manassas Park city, VA",234,9228,9462,256,9005,9261,296,8544,8840,312,"8,157","8,469"
"2985","VA","Martinsville city, VA",227,5274,5501,255,5215,5470,345,5163,5508,368,"4,789","5,157"
"2986","VA","Newport News city, VA",3096,86310,89406,3269,85305,88574,4089,84851,88940,4596,"84,133","88,729"
"2987","VA","Norfolk city, VA",3877,108487,112364,4114,107224,111338,5120,106473,111593,5883,"104,327","110,210"
"2988","VA","Norton city, VA",62,1625,1687,67,1598,1665,89,1611,1700,115,"1,544","1,659"
"2989","VA","Petersburg city, VA",733,12396,13129,809,12179,12988,959,12186,13145,1045,"12,148","13,193"
"2990","VA","Poquoson city, VA",156,6271,6427,173,6188,6361,213,6052,6265,218,"5,940","6,158"
"2991","VA","Portsmouth city, VA",1735,42831,44566,1832,42331,44163,2368,41889,44257,2733,"41,279","44,012"
"2992","VA","Radford city, VA",311,8377,8688,332,8283,8615,410,7927,8337,451,"7,797","8,248"
"2993","VA","Richmond city, VA",3905,115360,119265,4220,113337,117557,5020,111802,116822,5379,"109,135","114,514"
"2994","VA","Roanoke city, VA",1497,47900,49397,1606,47272,48878,2029,46927,48956,2125,"46,746","48,871"
"2995","VA","Salem city, VA",360,12677,13037,389,12513,12902,485,12549,13034,512,"12,362","12,874"
"2996","VA","Staunton city, VA",328,11986,12314,349,11667,12016,424,11437,11861,465,"11,311","11,776"
"2997","VA","Suffolk city, VA",1364,43564,44928,1458,43044,44502,1790,42193,43983,2033,"40,875","42,908"
"2998","VA","Virginia Beach city, VA",6331,228266,234597,6776,225561,232337,8196,223354,231550,9164,"219,741","228,905"
"2999","VA","Waynesboro city, VA",311,10451,10762,345,10175,10520,415,10003,10418,427,"9,751","10,178"
"3000","VA","Williamsburg city, VA",261,6475,6736,274,6399,6673,349,6390,6739,375,"6,330","6,705"
"3001","VA","Winchester city, VA",412,14480,14892,439,14105,14544,526,13943,14469,578,"13,727","14,305"
"3002","WA","Washington",166441,3747713,3914154,169432,3637581,3807013,174984,3551136,3726120,191465,"3,452,854","3,644,319"
"3003","WA","Adams County, WA",558,9312,9870,523,8859,9382,516,8369,8885,563,"8,137","8,700"
"3004","WA","Asotin County, WA",431,9969,10400,450,9739,10189,434,9799,10233,496,"9,448","9,944"
"3005","WA","Benton County, WA",5396,97773,103169,5321,93702,99023,5418,91463,96881,5948,"88,182","94,130"
"3006","WA","Chelan County, WA",2202,42911,45113,2123,43003,45126,2174,42072,44246,2481,"40,734","43,215"
"3007","WA","Clallam County, WA",1906,26980,28886,1841,26281,28122,1915,25834,27749,2077,"25,193","27,270"
"3008","WA","Clark County, WA",11479,230422,241901,11444,221615,233059,11722,215883,227605,13432,"206,972","220,404"
"3009","WA","Columbia County, WA",101,1747,1848,102,1691,1793,101,1672,1773,112,"1,604","1,716"
"3010","WA","Cowlitz County, WA",2863,45086,47949,2814,43525,46339,2814,42881,45695,3210,"41,559","44,769"
"3011","WA","Douglas County, WA",1237,20731,21968,1186,20567,21753,1212,19882,21094,1417,"19,087","20,504"
"3012","WA","Ferry County, WA",283,2216,2499,299,2214,2513,281,2233,2514,258,"2,231","2,489"
"3013","WA","Franklin County, WA",2749,40383,43132,2604,39069,41673,2615,38067,40682,2967,"36,820","39,787"
"3014","WA","Garfield County, WA",50,868,918,54,851,905,49,855,904,54,"864","918"
"3015","WA","Grant County, WA",3239,43751,46990,2983,43563,46546,2861,42238,45099,3187,"41,314","44,501"
"3016","WA","Grays Harbor County, WA",2047,26961,29008,1948,26315,28263,1994,25833,27827,2270,"24,927","27,197"
"3017","WA","Island County, WA",1822,34294,36116,1859,32817,34676,1784,32133,33917,1931,"30,747","32,678"
"3018","WA","Jefferson County, WA",729,12209,12938,727,11543,12270,737,11170,11907,813,"10,675","11,488"
"3019","WA","King County, WA",35842,1254638,1290480,40106,1224648,1264754,43135,1194955,1238090,46622,"1,167,122","1,213,744"
"3020","WA","Kitsap County, WA",5877,122887,128764,5859,117634,123493,5943,114308,120251,6578,"111,377","117,955"
"3021","WA","Kittitas County, WA",1272,21905,23177,1235,20795,22030,1199,21043,22242,1283,"20,212","21,495"
"3022","WA","Klickitat County, WA",602,9712,10314,587,9507,10094,596,9285,9881,657,"8,970","9,627"
"3023","WA","Lewis County, WA",2155,32841,34996,2185,31756,33941,2218,30869,33087,2491,"29,375","31,866"
"3024","WA","Lincoln County, WA",252,4779,5031,253,4822,5075,248,4697,4945,273,"4,609","4,882"
"3025","WA","Mason County, WA",1592,23733,25325,1584,22873,24457,1586,22189,23775,1774,"21,690","23,464"
"3026","WA","Okanogan County, WA",1382,18964,20346,1364,19258,20622,1444,19475,20919,1427,"19,946","21,373"
"3027","WA","Pacific County, WA",596,8007,8603,595,7824,8419,597,7738,8335,668,"7,609","8,277"
"3028","WA","Pend Oreille County, WA",400,4674,5074,355,4492,4847,355,4374,4729,416,"4,238","4,654"
"3029","WA","Pierce County, WA",22700,419394,442094,22612,403258,425870,22612,393077,415689,24329,"379,561","403,890"
"3030","WA","San Juan County, WA",325,8349,8674,331,7949,8280,329,7855,8184,369,"7,491","7,860"
"3031","WA","Skagit County, WA",3425,59644,63069,3227,57337,60564,3293,56012,59305,3779,"54,089","57,868"
"3032","WA","Skamania County, WA",303,5252,5555,306,5048,5354,327,4959,5286,352,"4,713","5,065"
"3033","WA","Snohomish County, WA",13364,426100,439464,14884,415930,430814,16456,407363,423819,17574,"397,933","415,507"
"3034","WA","Spokane County, WA",13372,241655,255027,13126,232197,245323,13096,226384,239480,14267,"219,816","234,083"
"3035","WA","Stevens County, WA",1336,17726,19062,1343,17050,18393,1333,16750,18083,1474,"16,385","17,859"
"3036","WA","Thurston County, WA",6914,135982,142896,6776,131291,138067,6765,127424,134189,7315,"122,228","129,543"
"3037","WA","Wahkiakum County, WA",92,1283,1375,91,1242,1333,96,1209,1305,111,"1,175","1,286"
"3038","WA","Walla Walla County, WA",1492,28760,30252,1420,27930,29350,1448,27383,28831,1554,"27,107","28,661"
"3039","WA","Whatcom County, WA",5741,109672,115413,5456,106221,111677,5566,104326,109892,6241,"100,688","106,929"
"3040","WA","Whitman County, WA",1038,22958,23996,1060,22486,23546,1035,22255,23290,1157,"21,907","23,064"
"3041","WA","Yakima County, WA",9281,123185,132466,8401,120677,129078,8679,116825,125504,9538,"116,117","125,655"
"3042","WN","West Virginia",39114,757852,796966,40870,744326,785196,40507,738468,778975,47752,"734,547","782,299"
"3043","WV","Barbour County, WV",429,6760,7189,408,6449,6857,396,6408,6804,474,"6,484","6,958"
"3044","WV","Berkeley County, WV",2066,56569,58635,2324,55083,57407,2044,54081,56125,2143,"51,923","54,066"
"3045","WV","Boone County, WV",407,7036,7443,452,6988,7440,483,7061,7544,728,"7,258","7,986"
"3046","WV","Braxton County, WV",388,4857,5245,356,4737,5093,393,4851,5244,482,"5,008","5,490"
"3047","WV","Brooke County, WV",525,9488,10013,596,9253,9849,593,9170,9763,704,"9,272","9,976"
"3048","WV","Cabell County, WV",1731,39889,41620,1924,39056,40980,1882,39584,41466,1985,"39,214","41,199"
"3049","WV","Calhoun County, WV",332,2226,2558,250,2164,2414,259,2144,2403,337,"2,284","2,621"
"3050","WV","Clay County, WV",269,2879,3148,261,2856,3117,271,2875,3146,338,"2,920","3,258"
"3051","WV","Doddridge County, WV",177,3834,4011,154,3798,3952,165,3717,3882,196,"3,584","3,780"
"3052","WV","Fayette County, WV",923,15363,16286,1003,14869,15872,1003,14712,15715,1268,"14,699","15,967"
"3053","WV","Gilmer County, WV",163,2221,2384,149,2214,2363,172,2229,2401,210,"2,329","2,539"
"3054","WV","Grant County, WV",327,5632,5959,329,5482,5811,329,5562,5891,354,"5,599","5,953"
"3055","WV","Greenbrier County, WV",739,15266,16005,788,14823,15611,762,14949,15711,848,"14,832","15,680"
"3056","WV","Hampshire County, WV",415,10384,10799,441,9945,10386,404,9915,10319,431,"9,461","9,892"
"3057","WV","Hancock County, WV",676,12418,13094,753,12119,12872,773,12028,12801,902,"11,952","12,854"
"3058","WV","Hardy County, WV",297,5507,5804,316,5457,5773,288,5609,5897,326,"5,389","5,715"
"3059","WV","Harrison County, WV",1536,33229,34765,1531,32518,34049,1593,31532,33125,1890,"30,446","32,336"
"3060","WV","Jackson County, WV",670,12808,13478,643,15527,16170,682,11316,11998,779,"11,222","12,001"
"3061","WV","Jefferson County, WV",937,29527,30464,989,28667,29656,905,28352,29257,962,"27,584","28,546"
"3062","WV","Kanawha County, WV",3793,78647,82440,4217,78131,82348,4198,78764,82962,4662,"80,606","85,268"
"3063","WV","Lewis County, WV",423,6428,6851,369,6292,6661,430,6085,6515,581,"6,245","6,826"
"3064","WV","Lincoln County, WV",456,6757,7213,489,6622,7111,489,6663,7152,623,"6,664","7,287"
"3065","WV","Logan County, WV",665,10492,11157,738,9988,10726,801,9963,10764,1139,"10,015","11,154"
"3066","WV","McDowell County, WV",410,4041,4451,416,4040,4456,417,4250,4667,619,"4,464","5,083"
"3067","WV","Marion County, WV",1297,24324,25621,1434,23758,25192,1335,23981,25316,1680,"23,982","25,662"
"3068","WV","Marshall County, WV",902,13366,14268,816,13317,14133,829,13126,13955,1122,"12,939","14,061"
"3069","WV","Mason County, WV",612,9615,10227,689,9228,9917,670,9317,9987,716,"9,311","10,027"
"3070","WV","Mercer County, WV",1193,19843,21036,1310,19659,20969,1240,20056,21296,1452,"20,228","21,680"
"3071","WV","Mineral County, WV",721,11980,12701,670,11607,12277,641,11552,12193,710,"11,195","11,905"
"3072","WV","Mingo County, WV",472,6422,6894,515,6320,6835,581,6167,6748,849,"5,877","6,726"
"3073","WV","Monongalia County, WV",1997,52749,54746,2184,51459,53643,1958,50824,52782,2220,"49,043","51,263"
"3074","WV","Monroe County, WV",261,5718,5979,277,5510,5787,259,5629,5888,272,"5,704","5,976"
"3075","WV","Morgan County, WV",317,7874,8191,340,7616,7956,308,7499,7807,336,"7,316","7,652"
"3076","WV","Nicholas County, WV",601,8920,9521,594,8688,9282,660,8584,9244,846,"8,738","9,584"
"3077","WV","Ohio County, WV",960,20407,21367,975,20333,21308,981,19911,20892,1145,"19,476","20,621"
"3078","WV","Pendleton County, WV",142,3559,3701,131,3400,3531,133,3423,3556,142,"3,511","3,653"
"3079","WV","Pleasants County, WV",200,2724,2924,175,2666,2841,198,2616,2814,242,"2,711","2,953"
"3080","WV","Pocahontas County, WV",221,3670,3891,232,3565,3797,221,3520,3741,248,"3,477","3,725"
"3081","WV","Preston County, WV",713,14904,15617,798,14522,15320,749,14445,15194,854,"13,993","14,847"
"3082","WV","Putnam County, WV",1165,25630,26795,1287,25064,26351,1228,24973,26201,1260,"24,505","25,765"
"3083","WV","Raleigh County, WV",1432,29093,30525,1542,28139,29681,1571,27791,29362,2094,"27,831","29,925"
"3084","WV","Randolph County, WV",735,11617,12352,657,11364,12021,653,11474,12127,731,"11,470","12,201"
"3085","WV","Ritchie County, WV",249,4156,4405,229,4080,4309,241,4157,4398,299,"4,263","4,562"
"3086","WV","Roane County, WV",491,4654,5145,385,4558,4943,436,4582,5018,536,"4,664","5,200"
"3087","WV","Summers County, WV",238,4102,4340,256,3951,4207,258,4116,4374,280,"4,288","4,568"
"3088","WV","Taylor County, WV",383,7537,7920,375,7401,7776,381,7416,7797,441,"7,375","7,816"
"3089","WV","Tucker County, WV",175,3186,3361,182,3144,3326,176,3222,3398,188,"3,287","3,475"
"3090","WV","Tyler County, WV",245,2900,3145,224,2873,3097,246,2965,3211,316,"3,230","3,546"
"3091","WV","Upshur County, WV",573,9040,9613,533,8855,9388,576,8821,9397,740,"9,062","9,802"
"3092","WV","Wayne County, WV",855,14983,15838,923,14664,15587,903,14663,15566,1026,"14,500","15,526"
"3093","WV","Webster County, WV",210,3116,3326,200,2967,3167,208,3086,3294,291,"3,198","3,489"
"3094","WV","Wetzel County, WV",482,6174,6656,466,6088,6554,507,6223,6730,666,"6,533","7,199"
"3095","WV","Wirt County, WV",181,2122,2303,153,2057,2210,173,2022,2195,196,"2,034","2,230"
"3096","WV","Wood County, WV",1875,34970,36845,1952,34067,36019,1976,34118,36094,2115,"34,691","36,806"
"3097","WV","Wyoming County, WV",466,6240,6706,472,6327,6799,484,6373,6857,757,"6,660","7,417"
"3098","WI","Wisconsin",103927,3001215,3105142,93554,3024747,3118301,102750,3030655,3133405,124970,"2,998,625","3,123,595"
"3099","WI","Adams County, WI",420,7733,8153,386,7792,8178,419,7820,8239,500,"7,796","8,296"
"3100","WI","Ashland County, WI",379,7536,7915,337,7568,7905,360,7537,7897,432,"7,535","7,967"
"3101","WI","Barron County, WI",978,23428,24406,843,24067,24910,869,23848,24717,1109,"23,280","24,389"
"3102","WI","Bayfield County, WI",426,7165,7591,370,7203,7573,395,7190,7585,520,"7,027","7,547"
"3103","WI","Brown County, WI",4397,137489,141886,3921,138718,142639,4196,138594,142790,5106,"136,269","141,375"
"3104","WI","Buffalo County, WI",272,6194,6466,227,6370,6597,247,6337,6584,294,"6,289","6,583"
"3105","WI","Burnett County, WI",381,6752,7133,334,6961,7295,356,6995,7351,431,"6,757","7,188"
"3106","WI","Calumet County, WI",774,26791,27565,716,26988,27704,778,27139,27917,890,"26,871","27,761"
"3107","WI","Chippewa County, WI",1272,31909,33181,1104,32250,33354,1177,32289,33466,1421,"31,993","33,414"
"3108","WI","Clark County, WI",586,17151,17737,520,17504,18024,550,17427,17977,685,"16,873","17,558"
"3109","WI","Columbia County, WI",981,30606,31587,853,30610,31463,938,30795,31733,1138,"30,485","31,623"
"3110","WI","Crawford County, WI",325,7297,7622,291,7547,7838,329,7557,7886,387,"7,547","7,934"
"3111","WI","Dane County, WI",7853,313824,321677,7155,312787,319942,7692,312894,320586,9068,"309,163","318,231"
"3112","WI","Dodge County, WI",1437,46107,47544,1261,46703,47964,1405,47025,48430,1746,"46,196","47,942"
"3113","WI","Door County, WI",582,14706,15288,557,14863,15420,599,14979,15578,769,"14,761","15,530"
"3114","WI","Douglas County, WI",971,22058,23029,922,22295,23217,1049,22510,23559,1237,"22,369","23,606"
"3115","WI","Dunn County, WI",854,23257,24111,744,23623,24367,802,23661,24463,995,"23,368","24,363"
"3116","WI","Eau Claire County, WI",1801,57071,58872,1538,57513,59051,1722,57600,59322,2011,"56,957","58,968"
"3117","WI","Florence County, WI",106,2115,2221,85,2181,2266,107,2182,2289,132,"2,100","2,232"
"3118","WI","Fond du Lac County, WI",1685,55701,57386,1515,55712,57227,1615,55452,57067,2004,"55,016","57,020"
"3119","WI","Forest County, WI",209,3803,4012,191,3784,3975,203,3825,4028,249,"3,757","4,006"
"3120","WI","Grant County, WI",899,26962,27861,793,27447,28240,888,27319,28207,1103,"27,144","28,247"
"3121","WI","Green County, WI",608,20441,21049,542,20518,21060,582,20556,21138,706,"20,534","21,240"
"3122","WI","Green Lake County, WI",370,9086,9456,324,9383,9707,365,9351,9716,477,"9,301","9,778"
"3123","WI","Iowa County, WI",397,13334,13731,362,13431,13793,408,13401,13809,481,"13,239","13,720"
"3124","WI","Iron County, WI",154,2388,2542,150,2425,2575,162,2448,2610,196,"2,446","2,642"
"3125","WI","Jackson County, WI",400,9876,10276,330,10237,10567,351,10080,10431,453,"9,891","10,344"
"3126","WI","Jefferson County, WI",1441,44416,45857,1321,44733,46054,1455,44181,45636,1779,"43,996","45,775"
"3127","WI","Juneau County, WI",447,12999,13446,413,13093,13506,454,13143,13597,600,"12,959","13,559"
"3128","WI","Kenosha County, WI",3545,85858,89403,3148,86327,89475,3451,85988,89439,4109,"84,339","88,448"
"3129","WI","Kewaunee County, WI",356,10686,11042,324,10877,11201,345,10847,11192,405,"10,646","11,051"
"3130","WI","La Crosse County, WI",1927,64391,66318,1754,65176,66930,1972,65712,67684,2439,"65,227","67,666"
"3131","WI","Lafayette County, WI",270,9829,10099,235,9976,10211,257,9901,10158,313,"9,546","9,859"
"3132","WI","Langlade County, WI",389,8932,9321,376,9107,9483,406,9240,9646,497,"9,094","9,591"
"3133","WI","Lincoln County, WI",562,14509,15071,479,14788,15267,552,14953,15505,667,"14,618","15,285"
"3134","WI","Manitowoc County, WI",1398,39589,40987,1277,39938,41215,1471,40254,41725,1803,"40,109","41,912"
"3135","WI","Marathon County, WI",2132,71419,73551,1957,71966,73923,2166,71730,73896,2622,"71,117","73,739"
"3136","WI","Marinette County, WI",893,18573,19466,786,18816,19602,875,18892,19767,1109,"19,157","20,266"
"3137","WI","Marquette County, WI",305,7409,7714,273,7422,7695,293,7317,7610,384,"7,182","7,566"
"3138","WI","Menominee County, WI",131,1498,1629,93,1532,1625,95,1513,1608,120,"1,457","1,577"
"3139","WI","Milwaukee County, WI",18657,448251,466908,16977,451475,468452,19117,456025,475142,23696,"453,685","477,381"
"3140","WI","Monroe County, WI",705,22672,23377,645,22900,23545,691,22838,23529,880,"22,183","23,063"
"3141","WI","Oconto County, WI",745,19830,20575,689,20081,20770,732,19923,20655,905,"19,591","20,496"
"3142","WI","Oneida County, WI",775,17071,17846,650,17505,18155,707,17665,18372,904,"17,713","18,617"
"3143","WI","Outagamie County, WI",3076,100059,103135,2894,100447,103341,3123,100888,104011,3671,"100,371","104,042"
"3144","WI","Ozaukee County, WI",1405,47625,49030,1237,48012,49249,1349,47823,49172,1636,"47,484","49,120"
"3145","WI","Pepin County, WI",156,3991,4147,138,4087,4225,149,4069,4218,159,"4,015","4,174"
"3146","WI","Pierce County, WI",865,24504,25369,815,24650,25465,849,24328,25177,999,"23,723","24,722"
"3147","WI","Polk County, WI",1000,23519,24519,914,23670,24584,942,23916,24858,1141,"23,780","24,921"
"3148","WI","Portage County, WI",1265,37327,38592,1174,37897,39071,1219,38417,39636,1509,"38,046","39,555"
"3149","WI","Price County, WI",286,6207,6493,245,6386,6631,254,6542,6796,296,"6,598","6,894"
"3150","WI","Racine County, WI",4029,94556,98585,3579,95551,99130,4030,95664,99694,4915,"94,975","99,890"
"3151","WI","Richland County, WI",293,8926,9219,245,9050,9295,278,9012,9290,349,"8,931","9,280"
"3152","WI","Rock County, WI",3183,82147,85330,2753,82214,84967,3151,82139,85290,3701,"80,545","84,246"
"3153","WI","Rusk County, WI",330,6393,6723,276,6678,6954,311,6681,6992,359,"6,656","7,015"
"3154","WI","St. Croix County, WI",1692,48754,50446,1529,48932,50461,1565,48615,50180,1874,"47,872","49,746"
"3155","WI","Sauk County, WI",1043,34533,35576,911,34648,35559,1034,34516,35550,1258,"34,033","35,291"
"3156","WI","Sawyer County, WI",380,7582,7962,343,7607,7950,374,7627,8001,495,"7,438","7,933"
"3157","WI","Shawano County, WI",682,20342,21024,645,20756,21401,690,20764,21454,885,"20,443","21,328"
"3158","WI","Sheboygan County, WI",1708,60436,62144,1562,60949,62511,1730,60854,62584,2097,"59,732","61,829"
"3159","WI","Taylor County, WI",407,10566,10973,346,10689,11035,390,10728,11118,458,"10,640","11,098"
"3160","WI","Trempealeau County, WI",578,15374,15952,466,15847,16313,505,15972,16477,616,"16,077","16,693"
"3161","WI","Vernon County, WI",506,14772,15278,446,15015,15461,487,15251,15738,576,"15,209","15,785"
"3162","WI","Vilas County, WI",433,9721,10154,402,9749,10151,443,9725,10168,566,"9,426","9,992"
"3163","WI","Walworth County, WI",1897,55975,57872,1713,56532,58245,1898,56062,57960,2306,"55,490","57,796"
"3164","WI","Washburn County, WI",322,7536,7858,307,7607,7914,312,7607,7919,398,"7,591","7,989"
"3165","WI","Washington County, WI",2211,74950,77161,1971,75584,77555,2155,75596,77751,2583,"74,739","77,322"
"3166","WI","Waukesha County, WI",6580,218151,224731,5967,219707,225674,6519,219636,226155,7759,"217,425","225,184"
"3167","WI","Waupaca County, WI",850,25093,25943,773,25480,26253,846,25759,26605,1066,"25,950","27,016"
"3168","WI","Waushara County, WI",467,10955,11422,404,11198,11602,454,10963,11417,578,"10,922","11,500"
"3169","WI","Winnebago County, WI",2746,88728,91474,2515,89613,92128,2781,90853,93634,3316,"89,901","93,217"
"3170","WI","Wood County, WI",1350,33786,35136,1217,34006,35223,1311,33720,35031,1633,"33,038","34,671"
"3171","WI","Wyoming",10528,281730,292258,11352,280076,291428,12186,280886,293072,16059,"284,285","300,344"
"3172","WY","Albany County, WY",621,19595,20216,649,19712,20361,584,19893,20477,673,"20,287","20,960"
"3173","WY","Big Horn County, WY",223,5083,5306,238,5025,5263,227,5135,5362,276,"5,260","5,536"
"3174","WY","Campbell County, WY",853,22389,23242,903,22090,22993,1116,21912,23028,1761,"22,635","24,396"
"3175","WY","Carbon County, WY",262,7720,7982,281,7570,7851,314,7589,7903,393,"7,965","8,358"
"3176","WY","Converse County, WY",238,8456,8694,268,7368,7636,332,7151,7483,492,"7,381","7,873"
"3177","WY","Crook County, WY",117,3593,3710,116,3610,3726,130,3557,3687,172,"3,565","3,737"
"3178","WY","Fremont County, WY",824,17811,18635,951,17939,18890,1068,18288,19356,1445,"18,581","20,026"
"3179","WY","Goshen County, WY",238,6387,6625,218,6613,6831,198,6727,6925,244,"6,780","7,024"
"3180","WY","Hot Springs County, WY",77,2099,2176,78,2151,2229,91,2242,2333,117,"2,307","2,424"
"3181","WY","Johnson County, WY",151,4032,4183,162,4073,4235,175,4023,4198,226,"3,979","4,205"
"3182","WY","Laramie County, WY",1678,46813,48491,1793,46397,48190,1758,46472,48230,2032,"46,740","48,772"
"3183","WY","Lincoln County, WY",295,8581,8876,322,8463,8785,320,8432,8752,411,"8,308","8,719"
"3184","WY","Natrona County, WY",1544,37804,39348,1750,37509,39259,2063,37472,39535,2933,"38,052","40,985"
"3185","WY","Niobrara County, WY",34,1205,1239,34,1248,1282,36,1266,1302,44,"1,294","1,338"
"3186","WY","Park County, WY",620,14839,15459,655,14936,15591,665,15031,15696,755,"15,167","15,922"
"3187","WY","Platte County, WY",159,4501,4660,172,4612,4784,176,4601,4777,230,"4,542","4,772"
"3188","WY","Sheridan County, WY",542,15111,15653,611,15121,15732,613,15190,15803,763,"15,355","16,118"
"3189","WY","Sublette County, WY",182,3947,4129,175,4074,4249,190,4068,4258,273,"3,956","4,229"
"3190","WY","Sweetwater County, WY",828,20446,21274,860,20425,21285,974,20591,21565,1343,"20,782","22,125"
"3191","WY","Teton County, WY",424,15151,15575,446,14959,15405,434,14994,15428,529,"14,708","15,237"
"3192","WY","Uinta County, WY",353,8682,9035,378,8650,9028,413,8695,9108,549,"8,871","9,420"
"3193","WY","Washakie County, WY",155,3786,3941,166,3892,4058,164,3950,4114,201,"4,011","4,212"
"3194","WY","Weston County, WY",110,3701,3811,126,3641,3767,148,3608,3756,198,"3,759","3,957"
"3195","PR","Puerto Rico",89214,987325,1076539,99181,979006,1078187,118942,977599,1096541,131413,"984,879","1,116,292"
"3196","PR","Adjuntas Municipio, PR",630,3485,4115,551,3473,4024,658,3710,4368,753,"3,717","4,470"
"3197","PR","Aguada Municipio, PR",1190,10553,11743,1309,10500,11809,1534,10334,11868,1662,"10,245","11,907"
"3198","PR","Aguadilla Municipio, PR",1469,12881,14350,1811,12804,14615,2159,12732,14891,2217,"12,689","14,906"
"3199","PR","Aguas Buenas Municipio, PR",588,5846,6434,651,5813,6464,827,5789,6616,973,"5,814","6,787"
"3200","PR","Aibonito Municipio, PR",670,5722,6392,765,5649,6414,932,5643,6575,993,"5,680","6,673"
"3201","PR","Anasco Municipio, PR",739,7967,8706,843,7941,8784,1121,7831,8952,1144,"7,749","8,893"
"3202","PR","Arecibo Municipio, PR",2255,21413,23668,2407,20786,23193,2760,20772,23532,3165,"20,832","23,997"
"3203","PR","Arroyo Municipio, PR",620,3985,4605,632,3982,4614,887,4113,5000,953,"4,187","5,140"
"3204","PR","Barceloneta Municipio, PR",657,5170,5827,683,5126,5809,824,5060,5884,829,"5,034","5,863"
"3205","PR","Barranquitas Municipio, PR",634,6627,7261,746,6590,7336,837,6535,7372,959,"6,521","7,480"
"3206","PR","Bayamon Municipio, PR",4015,60109,64124,4349,59624,63973,4969,59877,64846,5957,"60,399","66,356"
"3207","PR","Cabo Rojo Municipio, PR",1159,12214,13373,1417,12156,13573,1899,12047,13946,1763,"12,405","14,168"
"3208","PR","Caguas Municipio, PR",3177,43764,46941,3661,43469,47130,4309,43195,47504,4983,"43,281","48,264"
"3209","PR","Camuy Municipio, PR",805,8597,9402,914,8368,9282,1090,8297,9387,1175,"8,330","9,505"
"3210","PR","Canovanas Municipio, PR",1040,14727,15767,1249,14635,15884,1561,14452,16013,1870,"14,404","16,274"
"3211","PR","Carolina Municipio, PR",3544,56855,60399,4111,56445,60556,4754,56351,61105,5373,"56,791","62,164"
"3212","PR","Catano Municipio, PR",554,7140,7694,617,7081,7698,706,7076,7782,793,"7,119","7,912"
"3213","PR","Cayey Municipio, PR",1109,14727,15836,1224,14608,15832,1628,14479,16107,1740,"14,480","16,220"
"3214","PR","Ceiba Municipio, PR",380,3278,3658,512,3252,3764,509,3265,3774,497,"3,301","3,798"
"3215","PR","Ciales Municipio, PR",403,3248,3651,457,3213,3670,619,3215,3834,619,"3,220","3,839"
"3216","PR","Cidra Municipio, PR",1042,14195,15237,1155,14068,15223,1282,13964,15246,1594,"13,986","15,580"
"3217","PR","Coamo Municipio, PR",1206,8647,9853,1368,8513,9881,1680,8669,10349,1965,"8,903","10,868"
"3218","PR","Comerio Municipio, PR",428,4389,4817,499,4354,4853,582,4366,4948,683,"4,389","5,072"
"3219","PR","Corozal Municipio, PR",804,8002,8806,835,8020,8855,1019,7994,9013,1136,"8,114","9,250"
"3220","PR","Culebra Municipio, PR",27,866,893,39,852,891,40,872,912,30,"866","896"
"3221","PR","Dorado Municipio, PR",732,12205,12937,748,12095,12843,883,11936,12819,1042,"11,882","12,924"
"3222","PR","Fajardo Municipio, PR",1160,9644,10804,1570,9570,11140,1482,9630,11112,1557,"9,728","11,285"
"3223","PR","Florida Municipio, PR",355,2914,3269,391,2897,3288,480,2879,3359,488,"2,882","3,370"
"3224","PR","Guanica Municipio, PR",583,3364,3947,605,3309,3914,741,3312,4053,748,"3,394","4,142"
"3225","PR","Guayama Municipio, PR",1321,9605,10926,1468,9568,11036,1838,9908,11746,1976,"10,076","12,052"
"3226","PR","Guayanilla Municipio, PR",691,4311,5002,707,4206,4913,834,4251,5085,990,"4,302","5,292"
"3227","PR","Guaynabo Municipio, PR",1514,35403,36917,1609,35084,36693,1939,34813,36752,2215,"34,975","37,190"
"3228","PR","Gurabo Municipio, PR",1008,16741,17749,1135,16639,17774,1282,16277,17559,1487,"16,026","17,513"
"3229","PR","Hatillo Municipio, PR",1643,11784,13427,1664,11450,13114,1828,11258,13086,2070,"11,253","13,323"
"3230","PR","Hormigueros Municipio, PR",456,4847,5303,530,4871,5401,705,4833,5538,688,"4,933","5,621"
"3231","PR","Humacao Municipio, PR",1710,15193,16903,1964,15035,16999,2426,14948,17374,2463,"15,004","17,467"
"3232","PR","Isabela Municipio, PR",1106,11108,12214,1308,11031,12339,1687,10912,12599,1778,"10,835","12,613"
"3233","PR","Jayuya Municipio, PR",592,3614,4206,436,3669,4105,552,3697,4249,546,"3,675","4,221"
"3234","PR","Juana Diaz Municipio, PR",1483,13361,14844,1547,13227,14774,1939,13090,15029,2259,"13,338","15,597"
"3235","PR","Juncos Municipio, PR",1007,11060,12067,1152,10993,12145,1423,10898,12321,1645,"10,817","12,462"
"3236","PR","Lajas Municipio, PR",656,4480,5136,799,4420,5219,1064,4409,5473,1051,"4,580","5,631"
"3237","PR","Lares Municipio, PR",1017,5883,6900,1124,5828,6952,1347,5888,7235,1432,"5,980","7,412"
"3238","PR","Las Marias Municipio, PR",304,2313,2617,368,2242,2610,578,2224,2802,426,"2,439","2,865"
"3239","PR","Las Piedras Municipio, PR",992,10111,11103,1073,10038,11111,1347,9897,11244,1530,"9,835","11,365"
"3240","PR","Loiza Municipio, PR",630,7645,8275,689,7594,8283,809,7619,8428,979,"7,675","8,654"
"3241","PR","Luquillo Municipio, PR",581,5512,6093,852,5465,6317,799,5424,6223,899,"5,434","6,333"
"3242","PR","Manati Municipio, PR",902,10417,11319,977,10367,11344,1223,10282,11505,1353,"10,295","11,648"
"3243","PR","Maricao Municipio, PR",259,1636,1895,286,1612,1898,406,1618,2024,298,"1,657","1,955"
"3244","PR","Maunabo Municipio, PR",437,2465,2902,440,2446,2886,510,2439,2949,554,"2,466","3,020"
"3245","PR","Mayaguez Municipio, PR",2264,19278,21542,2490,19396,21886,3157,19422,22579,3186,"20,039","23,225"
"3246","PR","Moca Municipio, PR",1080,9257,10337,1232,9250,10482,1574,9133,10707,1672,"9,073","10,745"
"3247","PR","Morovis Municipio, PR",716,7127,7843,763,7100,7863,996,7032,8028,1092,"7,027","8,119"
"3248","PR","Naguabo Municipio, PR",710,7297,8007,900,7230,8130,893,7120,8013,997,"7,089","8,086"
"3249","PR","Naranjito Municipio, PR",589,6364,6953,691,6350,7041,847,6308,7155,941,"6,319","7,260"
"3250","PR","Orocovis Municipio, PR",504,4379,4883,613,4366,4979,727,4369,5096,807,"4,397","5,204"
"3251","PR","Patillas Municipio, PR",671,3605,4276,766,3600,4366,915,3728,4643,993,"3,820","4,813"
"3252","PR","Penuelas Municipio, PR",823,5007,5830,791,4949,5740,1048,4946,5994,1021,"5,099","6,120"
"3253","PR","Ponce Municipio, PR",4357,40634,44991,4383,40201,44584,5307,40291,45598,6415,"41,397","47,812"
"3254","PR","Quebradillas Municipio, PR",698,5297,5995,824,5155,5979,957,5105,6062,970,"5,109","6,079"
"3255","PR","Rincon Municipio, PR",646,4047,4693,668,4029,4697,713,3951,4664,723,"3,908","4,631"
"3256","PR","Rio Grande Municipio, PR",1216,15414,16630,1551,15310,16861,1645,15308,16953,1792,"15,303","17,095"
"3257","PR","Sabana Grande Municipio, PR",790,5274,6064,849,5250,6099,1073,5296,6369,1022,"5,424","6,446"
"3258","PR","Salinas Municipio, PR",1021,6041,7062,1051,6074,7125,1401,6080,7481,1640,"5,928","7,568"
"3259","PR","San German Municipio, PR",1076,8509,9585,1174,8447,9621,1570,8447,10017,1581,"8,775","10,356"
"3260","PR","San Juan Municipio, PR",7273,124372,131645,8208,123248,131456,9303,123201,132504,10664,"124,495","135,159"
"3261","PR","San Lorenzo Municipio, PR",1011,10490,11501,1169,10419,11588,1527,10381,11908,1492,"10,418","11,910"
"3262","PR","San Sebastian Municipio, PR",1391,8807,10198,1499,8739,10238,1867,8709,10576,2027,"8,694","10,721"
"3263","PR","Santa Isabel Municipio, PR",953,7764,8717,1110,7531,8641,1318,8420,9738,1654,"8,244","9,898"
"3264","PR","Toa Alta Municipio, PR",1508,25106,26614,1669,24932,26601,2054,24512,26566,2208,"24,343","26,551"
"3265","PR","Toa Baja Municipio, PR",1652,27023,28675,1900,26842,28742,2362,26823,29185,2682,"27,071","29,753"
"3266","PR","Trujillo Alto Municipio, PR",1288,25281,26569,1376,25086,26462,1578,25045,26623,1953,"25,174","27,127"
"3267","PR","Utuado Municipio, PR",747,5841,6588,764,5840,6604,943,5813,6756,1068,"5,817","6,885"
"3268","PR","Vega Alta Municipio, PR",776,8778,9554,842,8718,9560,1047,8738,9785,1138,"8,740","9,878"
"3269","PR","Vega Baja Municipio, PR",1246,11791,13037,1367,11750,13117,1668,11746,13414,1904,"11,829","13,733"
"3270","PR","Vieques Municipio, PR",179,2406,2585,449,2269,2718,438,2589,3027,346,"2,914","3,260"
"3271","PR","Villalba Municipio, PR",1175,6231,7406,1157,6154,7311,1467,6090,7557,1580,"6,235","7,815"
"3272","PR","Yabucoa Municipio, PR",1139,7552,8691,1253,7509,8762,1488,7512,9000,1536,"7,545","9,081"
"3273","PR","Yauco Municipio, PR",1428,8331,9759,1428,8288,9716,1751,8409,10160,2016,"8,719","10,735"
